-2.230000 -8.070000 19.790000 8.640000 4.040000 1.900000 -2.800000 22.380000
9.165000 3.180000 30.800000 16.040000 12.470000 19.690000 28.880000 39.845000
2.060000 12.380000 44.290000 25.585000 14.895000 21.500000 37.070000 39.845000
0.100000 5.680000 32.950000 16.040000 5.510000 3.595000 1.130000 39.845000
-28.890000 13.360000 47.725000 32.220000 -8.320000 -13.490000 -43.350000 5.350000
-5.680000 7.510000 37.135000 23.560000 4.040000 1.900000 -2.800000 22.380000
-17.875000 -8.940000 18.600000 0.390000 -11.410000 -15.905000 -48.860000 27.305000
-25.520000 -25.970000 -3.860000 -22.430000 -28.830000 -10.480000 -32.360000 29.660000
-15.950000 -9.030000 18.570000 -0.070000 -14.305000 -20.640000 -53.150000 -4.420000
10.680000 6.780000 34.100000 23.080000 1.900000 -1.790000 -3.970000 18.890000
0.190000 -26.940000 -5.400000 -13.610000 -13.840000 -5.550000 -19.120000 -0.995000
-19.100000 -3.700000 25.370000 9.480000 -12.550000 -16.530000 -49.760000 1.580000
-12.510000 0.640000 28.760000 0.400000 -13.410000 -18.910000 -52.755000 -0.995000
-2.230000 -0.820000 27.040000 10.970000 -3.530000 -6.880000 -19.170000 14.590000
-1.360000 6.780000 34.100000 10.970000 8.460000 6.880000 5.495000 25.760000
-15.120000 -27.230000 -5.720000 -21.370000 -29.240000 -33.206700 -76.805000 -18.040000
-6.230000 -3.700000 25.370000 8.640000 -4.390000 -10.650000 -19.120000 11.960000
16.740000 15.160000 49.270000 34.700000 13.500000 19.690000 28.880000 37.200000
-26.790000 -25.970000 7.370000 -21.200000 -28.980000 -32.540000 -80.530000 43.200000
-18.900000 -12.070000 15.270000 -5.380000 -13.980000 -20.710000 -54.070000 -6.890000
2.060000 7.360000 36.450000 23.270000 8.355000 6.880000 5.090000 27.305000
-6.790000 2.280000 30.220000 5.530000 -5.500000 3.380000 -2.800000 8.980000
9.165000 -25.820000 30.830000 -21.370000 -12.710000 -16.130000 -49.760000 0.535000
-12.730000 -10.300000 16.700000 38.035000 -12.550000 -16.530000 -51.430000 1.430000
9.165000 14.475000 49.010000 34.145000 22.050000 23.780000 50.780000 40.590000
1.600000 8.270000 37.740000 23.680000 3.660000 -20.860000 -57.640000 21.380000
-10.920000 -4.540000 24.230000 5.530000 -3.340000 -5.040000 -17.030000 15.390000
3.140000 10.180000 7.380000 26.055000 9.040000 10.050000 12.120000 30.520000
29.660000 15.965000 50.800000 50.300000 29.700000 33.780000 50.780000 50.410000
2.400000 14.770000 46.360000 34.595000 -8.150000 -11.930000 -37.590000 6.090000
-28.236700 -8.120000 19.655000 0.980000 -17.180000 -10.100000 -31.680000 -6.900000
-25.530000 -30.920000 -14.380000 -0.390000 -31.510000 -37.430000 -93.830000 38.550000
-3.755000 0.320000 28.760000 10.970000 -1.900000 -4.420000 -16.100000 16.400000
-19.880000 -20.160000 15.060000 -17.890000 -1.540000 -4.305000 -14.620000 16.400000
53.660000 17.425000 51.510000 38.035000 11.810000 9.810000 10.580000 16.105000
32.630000 14.540000 49.050000 34.470000 22.050000 23.780000 50.780000 45.190000
10.990000 14.770000 49.140000 34.700000 11.945000 18.080000 32.040000 34.465000
-12.730000 -8.520000 19.130000 0.400000 -10.500000 -15.315000 -28.480000 4.200000
10.680000 14.540000 57.960000 34.470000 14.830000 19.770000 32.040000 38.825000
59.250000 62.445000 101.020000 83.775000 61.895000 52.050000 75.320000 60.540000
-3.260000 3.300000 30.880000 -10.270000 1.790000 -1.860000 37.070000 18.270000
0.090000 -4.750000 23.362500 6.300000 -6.010000 -10.750000 -24.760000 18.270000
-4.010000 -0.810000 26.150000 12.130000 0.365000 -0.783334 -29.280000 16.910000
3.520000 10.270000 40.490000 34.090000 9.635000 -7.260000 -21.920000 22.810000
2.265000 13.450000 48.740000 34.145000 10.630000 14.120000 14.690000 33.050000
-8.520000 -4.680000 23.385000 3.300000 -5.480000 -9.560000 -12.500000 9.947500
0.190000 -16.530000 8.060000 -21.200000 -9.170000 -13.603300 -43.140000 5.150000
-5.160000 -15.360000 20.965000 45.110000 1.910000 -1.235000 -19.170000 20.100000
-15.950000 -13.890000 5.610000 -8.300000 -13.380000 -17.360000 -53.960000 -0.995000
9.280000 14.540000 48.740000 34.145000 12.470000 19.690000 25.650000 40.410000
-17.510000 -10.920000 14.850000 -0.570000 -10.500000 -15.315000 -1.460000 4.200000
3.520000 13.450000 48.740000 34.090000 11.810000 2.590000 -1.190000 33.750000
-2.230000 6.780000 34.100000 20.740000 8.355000 6.880000 -27.610000 38.550000
11.680000 30.770000 27.790000 55.650000 56.890000 4.420000 -49.360000 5.360000
3.680000 14.770000 65.680000 36.940000 11.945000 18.080000 25.650000 34.465000
9.280000 11.605000 41.390000 29.720000 -28.980000 -11.280000 -36.130000 -8.495000
-6.170000 -3.700000 25.370000 8.730000 -4.410000 -4.305000 -14.620000 11.510000
-12.650000 7.360000 37.860000 23.270000 14.830000 21.380000 33.380000 38.860000
11.680000 14.475000 49.010000 34.145000 19.265000 22.935000 -3.230000 40.590000
-6.290000 -7.690000 20.965000 11.440000 -4.410000 -10.100000 -31.680000 10.755000
26.160000 30.770000 42.030000 13.500000 33.850000 21.935000 10.580000 55.115000
-28.236700 -3.960000 25.355000 9.480000 8.510000 7.200000 -34.060000 28.230000
-8.470000 -11.820000 15.270000 5.530000 -11.150000 -9.060000 -16.100000 5.010000
-17.875000 -14.900000 11.320000 -11.410000 -8.110000 -11.280000 -36.200000 6.090000
-20.900000 -19.060000 7.370000 -16.950000 -12.020000 -16.130000 -49.910000 1.580000
3.680000 6.780000 34.100000 -3.260000 0.900000 -3.570000 -12.475000 11.240000
0.745000 6.340000 31.990000 18.230000 6.590000 4.460000 6.780000 26.730000
-16.180000 -6.515000 18.030000 4.400000 -12.550000 -19.730000 -56.430000 26.730000
-4.010000 3.660000 30.830000 16.250000 1.910000 -2.910000 -12.500000 20.100000
-4.410000 2.280000 31.990000 14.260000 0.945000 -2.300000 -8.990000 17.610000
-15.970000 -20.710000 5.610000 -19.420000 -26.440000 -33.206700 -75.020000 -11.890000
-9.870000 -7.215000 20.090000 3.300000 -7.200000 -9.860000 -23.630000 6.040000
5.400000 5.230000 40.080000 17.310000 11.945000 14.690000 -57.120000 28.880000
9.320000 24.240000 54.690000 45.110000 12.470000 19.550000 42.040000 40.050000
15.960000 14.540000 49.270000 34.595000 -1.540000 -4.160000 -14.620000 21.570000
-9.170000 -7.130000 18.570000 4.020000 -6.250000 -11.280000 -36.200000 6.010000
5.415000 11.815000 43.370000 30.895000 10.415000 12.475000 -8.990000 31.990000
5.500000 11.815000 43.370000 30.895000 10.630000 14.120000 18.000000 -0.655000
-12.730000 -13.730000 13.970000 -10.270000 -11.150000 -15.635000 -52.755000 18.690000
-6.170000 -3.660000 25.370000 8.540000 1.910000 -3.570000 -12.475000 20.100000
-25.900000 -25.820000 -3.860000 -21.370000 -28.830000 -33.300000 -66.710000 -12.530000
19.380000 29.020000 69.810000 53.640000 29.660000 -25.170000 -64.740000 45.190000
-10.790000 -6.110000 22.580000 5.380000 -8.320000 -12.490000 -38.375000 5.080000
0.190000 -10.430000 16.840000 -8.360000 -21.920000 -27.130000 -74.100000 -3.110000
1.925000 2.280000 30.170000 -22.700000 3.660000 1.300000 -3.970000 38.550000
-25.520000 -7.690000 18.600000 1.700000 -11.120000 -15.405000 -57.120000 30.480000
10.990000 -0.820000 25.370000 11.065000 -12.810000 -17.330000 -55.870000 9.880000
3.680000 8.270000 40.080000 23.680000 8.740000 10.050000 12.120000 28.880000
-1.360000 6.780000 34.145000 20.740000 3.660000 -3.570000 -13.115000 21.380000
-23.520000 -25.883300 -2.400000 -22.700000 -29.153300 -4.160000 -14.620000 -17.740000
2.820000 -5.480000 23.200000 5.530000 0.940000 -2.675000 4.310000 17.610000
11.810000 11.605000 41.390000 29.275000 21.610000 23.780000 50.780000 27.145000
16.485000 17.845000 50.780000 37.600000 8.165000 -2.910000 -12.475000 25.950000
24.080000 11.815000 43.370000 30.895000 17.960000 22.935000 12.120000 40.410000
1.620000 12.840000 47.580000 33.710000 5.050000 2.590000 -1.190000 23.145000
-15.950000 -13.890000 14.850000 -8.300000 -11.410000 -15.905000 -48.860000 3.405000
-5.570000 -3.700000 25.370000 7.210000 0.900000 -7.050000 -19.790000 6.040000
1.925000 7.270000 35.710000 22.690000 6.590000 4.460000 6.670000 25.760000
-4.410000 -12.070000 15.260000 -5.380000 -14.670000 -0.783334 -4.440000 -3.110000
-21.200000 -20.160000 17.375000 -19.100000 -22.710000 -22.070000 -61.290000 -8.495000
-5.580000 -4.750000 23.385000 6.630000 -4.520000 -9.060000 -23.630000 10.755000
19.980000 27.320000 69.810000 51.100000 33.840000 10.000000 12.230000 48.010000
-16.840000 -10.430000 16.840000 -1.650000 -13.840000 -20.710000 -57.640000 -15.830000
4.040000 15.910000 27.040000 6.300000 7.310000 5.930000 5.495000 26.320000
-25.050000 -13.730000 13.710000 13.500000 -12.550000 -16.530000 -64.160000 1.430000
1.620000 6.920000 34.320000 20.740000 8.740000 8.950000 3.810000 43.810000
-4.410000 1.060000 29.575000 14.260000 0.365000 7.080000 6.670000 16.840000
-16.180000 6.595000 34.090000 18.300000 8.165000 7.080000 13.910000 30.520000
0.190000 -6.515000 20.965000 4.400000 -13.660000 -18.910000 -4.165000 -1.690000
3.520000 0.640000 31.840000 12.130000 3.360000 2.720000 -8.770000 21.380000
5.380000 -19.810000 7.370000 -17.030000 -5.480000 -9.560000 -54.070000 1.580000
-5.570000 0.640000 28.760000 13.710000 -4.480000 -9.050000 -23.450000 11.880000
-2.260000 1.060000 22.915000 13.710000 1.910000 -1.235000 -5.520000 20.160000
-8.520000 -6.750000 20.965000 4.110000 -6.250000 -21.670000 -61.290000 6.940000
-5.160000 -13.730000 13.970000 -7.600000 -26.440000 -33.206700 -0.820000 -7.200000
9.280000 24.240000 54.690000 45.110000 11.810000 14.690000 -54.070000 33.750000
-20.100000 -18.270000 7.530000 -16.700000 -22.640000 -27.060000 -74.100000 -8.470000
-12.843300 -10.430000 16.840000 -21.370000 -12.550000 -16.530000 -51.430000 -9.140000
16.930000 16.640000 34.145000 36.940000 0.945000 -2.300000 -24.760000 -4.420000
-18.910000 -13.450000 14.840000 -6.035000 -20.920000 -25.170000 -49.360000 -6.880000
-5.580000 -1.230000 26.150000 9.880000 -3.425000 -5.040000 14.755000 14.840000
-15.100000 -7.690000 19.655000 5.530000 -11.150000 -15.905000 -53.150000 2.490000
-2.660000 5.680000 31.640000 -0.390000 -9.240000 -13.840000 -43.350000 5.010000
-3.255000 11.695000 41.270000 29.850000 10.415000 12.475000 16.810000 32.380000
-5.260000 -8.120000 19.655000 0.980000 -12.020000 -16.130000 -49.360000 1.620000
2.820000 10.180000 40.080000 26.055000 8.780000 9.810000 10.580000 29.660000
1.700000 -9.155000 16.880000 -14.380000 -1.900000 -4.420000 -16.100000 16.400000
8.460000 12.380000 44.290000 31.420000 12.470000 27.770000 54.340000 34.465000
15.960000 1.060000 40.600000 11.065000 10.630000 14.120000 10.580000 33.050000
-18.920000 -20.900000 30.600000 7.210000 -22.710000 -20.860000 -30.530000 -8.730000
-12.730000 -8.120000 19.655000 0.980000 -8.150000 -11.290000 -38.375000 5.010000
-18.910000 -18.270000 7.530000 -16.740000 -14.670000 -9.920000 -31.280000 -3.695000
-25.520000 -21.740000 41.520000 -20.470000 -16.580000 -15.405000 -47.050000 -5.430000
-5.580000 4.610000 -5.400000 7.710000 -4.180000 -7.050000 -49.360000 14.970000
-17.510000 -14.890000 11.510000 -11.790000 -3.720000 -9.920000 -14.620000 14.590000
26.160000 32.630000 81.130000 56.140000 9.635000 21.500000 34.720000 26.320000
-6.545000 -4.540000 24.000000 49.685000 -4.480000 -9.065000 -25.190000 11.020000
-12.910000 6.340000 9.840000 17.585000 0.945000 -2.230000 -37.590000 18.060000
-4.480000 4.453330 30.880000 16.380000 -5.380000 -9.560000 -3.970000 9.880000
-31.510000 -26.940000 2.400000 -29.160000 -28.980000 -33.770000 2.140000 -15.830000
10.680000 -14.890000 11.510000 -13.610000 -5.200000 -9.510000 -27.610000 9.947500
0.010000 7.360000 36.450000 23.270000 9.635000 11.250000 32.040000 27.490000
0.010000 0.640000 28.880000 12.130000 6.600000 5.010000 3.810000 25.950000
-3.610000 3.300000 30.800000 16.040000 -12.810000 -17.330000 -52.755000 -1.690000
16.930000 5.320000 29.575000 17.740000 12.020000 19.690000 6.780000 34.465000
-4.540000 12.840000 32.950000 38.035000 25.430000 23.750000 -17.030000 19.420000
-18.780000 -14.900000 10.480000 -9.680000 -16.580000 2.590000 -1.010000 -3.695000
-18.640000 -15.580000 44.290000 -17.030000 -17.870000 -24.670000 -63.410000 -5.480000
-5.570000 24.660000 55.575000 46.380000 8.355000 6.880000 8.280000 -2.620000
26.270000 25.990000 6.630000 56.140000 26.520000 -11.280000 -36.200000 25.950000
10.770000 12.960000 47.580000 32.220000 1.270000 -2.230000 -31.680000 14.590000
-25.900000 -22.700000 -5.720000 -21.190000 -2.530000 -4.420000 -16.100000 16.100000
11.810000 -8.940000 18.600000 -0.150000 1.790000 -2.230000 -8.770000 14.970000
-5.160000 -6.450000 21.640000 -7.230000 -5.380000 -9.560000 -27.910000 9.880000
-18.780000 -13.730000 13.970000 5.530000 -13.980000 -20.710000 -43.140000 -2.620000
-8.900000 1.130000 30.170000 14.350000 -3.340000 -5.040000 -17.030000 15.390000
-15.120000 -13.650000 14.840000 -7.230000 -12.020000 -15.905000 -49.360000 1.580000
-5.580000 -1.230000 25.370000 9.860000 -3.340000 -5.040000 -19.240000 15.390000
-10.790000 -7.690000 5.610000 8.460000 -12.020000 -16.130000 -49.910000 1.620000
-15.970000 -17.030000 11.510000 -16.620000 -13.410000 -16.320000 -49.910000 -0.995000
24.500000 24.660000 54.690000 46.380000 22.050000 23.780000 50.780000 43.200000
-2.730000 -4.510000 24.040000 7.975000 -4.180000 14.690000 10.470000 16.400000
-2.260000 3.180000 29.575000 16.040000 10.180000 10.370000 12.120000 40.050000
10.990000 14.540000 30.830000 34.090000 12.470000 10.370000 12.200000 31.375000
0.745000 0.825000 28.960000 13.500000 1.910000 -16.130000 -49.910000 14.450000
0.090000 12.840000 46.360000 32.720000 9.400000 11.250000 11.810000 30.880000
-2.250000 4.495000 31.990000 23.620000 3.360000 -0.783334 -4.440000 21.363300
5.500000 4.610000 31.990000 34.145000 0.940000 -34.940000 -93.830000 16.400000
-9.560000 4.495000 31.640000 23.240000 9.635000 11.250000 -19.120000 30.880000
-14.040000 -11.820000 15.270000 8.730000 -14.305000 -20.860000 -55.930000 1.620000
20.190000 25.500000 42.185000 46.380000 29.660000 -8.240000 -20.710000 24.310000
1.600000 -7.690000 19.960000 6.630000 -12.810000 -17.330000 -52.755000 1.620000
-17.330000 -12.730000 16.580000 -5.500000 16.785000 21.935000 -11.480000 40.410000
16.740000 24.240000 54.690000 45.110000 25.430000 10.050000 12.230000 43.810000
-11.190000 0.640000 28.880000 13.710000 -1.540000 -4.410000 -17.030000 0.360000
-4.540000 2.280000 30.220000 16.250000 5.113330 3.425000 -1.460000 22.910000
11.810000 19.415000 50.780000 41.690000 16.710000 21.935000 42.040000 40.170000
-12.480000 -0.810000 27.790000 12.805000 -13.380000 -15.315000 -43.250000 -5.100000
-8.470000 -17.030000 7.530000 -16.620000 -24.400000 -32.540000 -76.805000 -0.995000
-18.640000 -22.470000 2.400000 -20.330000 -4.520000 -9.060000 -19.170000 10.755000
-12.730000 -3.960000 25.355000 8.640000 -4.260000 -6.880000 -19.790000 14.590000
-17.185000 -13.730000 13.970000 14.350000 -14.305000 -20.710000 -54.580000 5.010000
9.915000 9.800000 41.390000 16.040000 -13.980000 -16.530000 -51.430000 -2.740000
-10.920000 -9.030000 14.540000 -0.150000 8.640000 -3.240000 -12.500000 28.880000
-6.450000 12.960000 42.185000 34.595000 25.500000 12.230000 15.120000 50.770000
-17.875000 -13.450000 14.850000 -5.950000 -14.305000 -20.860000 -19.120000 -2.620000
0.100000 -10.300000 16.880000 7.710000 -5.200000 -9.510000 -20.710000 9.947500
-28.140000 -26.940000 83.645000 -5.500000 -29.240000 -27.060000 -74.100000 -17.740000
0.010000 14.540000 26.730000 34.595000 17.960000 4.420000 2.140000 40.590000
-21.200000 1.060000 29.575000 14.260000 -9.180000 -13.490000 -55.870000 5.080000
-16.840000 -14.890000 30.170000 13.710000 -14.930000 -21.860000 -61.290000 -4.420000
-15.120000 -11.660000 16.880000 -3.260000 -13.193300 -17.360000 -53.960000 1.580000
2.820000 13.450000 48.740000 34.090000 14.640000 -15.970000 -4.440000 8.830000
-2.730000 -8.940000 18.600000 0.390000 -29.153300 -35.380000 -93.830000 -18.040000
2.265000 4.453330 30.600000 16.380000 8.740000 6.675000 5.090000 29.660000
-15.970000 -14.890000 15.260000 -11.790000 -12.550000 -16.530000 -47.050000 1.580000
-8.470000 -4.680000 23.480000 1.000000 -5.480000 -9.560000 -28.480000 22.810000
9.165000 13.360000 47.725000 32.570000 11.810000 14.690000 -15.190000 33.750000
23.025000 7.510000 36.790000 23.620000 10.180000 12.230000 14.755000 31.990000
-15.950000 -13.365000 15.010000 22.690000 -13.980000 -15.970000 -49.360000 -2.620000
5.920000 11.695000 54.690000 29.720000 8.355000 6.880000 4.310000 27.490000
-25.520000 -25.820000 -2.400000 -21.370000 -29.240000 -32.540000 -39.650000 -18.040000
3.140000 7.680000 32.950000 23.620000 6.600000 5.010000 5.090000 25.950000
5.500000 10.180000 40.455000 26.225000 11.870000 16.770000 5.090000 33.920000
-9.870000 -9.155000 18.060000 -3.260000 -6.010000 -9.920000 -31.280000 -3.000000
-5.680000 -3.660000 25.355000 7.975000 -4.520000 -9.060000 -23.630000 10.755000
-16.310000 -10.920000 16.880000 3.300000 -11.410000 -15.905000 -49.760000 3.680000
9.280000 24.240000 54.690000 17.823300 -11.120000 -15.405000 -47.050000 11.880000
-18.220000 -0.810000 27.390000 11.065000 -6.250000 -10.750000 -35.630000 6.810000
-28.236700 -26.940000 -5.400000 -22.430000 -29.153300 -34.940000 -93.830000 -17.740000
5.415000 12.570000 46.180000 32.220000 12.840000 19.550000 23.630000 33.420000
9.280000 15.965000 50.800000 33.710000 12.840000 19.690000 28.880000 6.810000
-5.570000 -5.480000 25.370000 -7.490000 -12.810000 -17.330000 -55.870000 0.360000
-30.210000 -27.440000 -6.730000 -29.160000 -31.510000 -40.890000 -99.270000 21.570000
-19.100000 -10.300000 16.880000 -0.150000 -8.150000 -11.930000 -37.585000 5.350000
-9.650000 -6.200000 23.480000 0.490000 -8.150000 -11.290000 -40.030000 5.510000
-16.310000 -19.810000 7.370000 -17.030000 -13.410000 -18.910000 -54.790000 -0.995000
-15.950000 -13.730000 15.010000 -7.600000 -17.960000 -21.860000 -80.530000 -7.883330
4.670000 3.180000 28.960000 16.040000 8.510000 7.200000 6.435000 28.230000
-25.530000 -26.940000 27.390000 17.310000 4.040000 2.440000 -1.460000 22.380000
-12.843300 -3.700000 25.370000 8.460000 -8.150000 -13.490000 -37.640000 5.510000
1.700000 -6.750000 21.020000 4.110000 33.850000 1.900000 -2.800000 56.090000
-25.050000 -8.440000 19.655000 -1.115000 -2.530000 -4.410000 6.435000 16.105000
-30.210000 -25.820000 2.400000 -21.190000 -28.850000 -33.770000 -57.640000 33.750000
-10.335000 -7.130000 14.285000 4.020000 -8.210000 -12.350000 -37.585000 5.360000
-25.050000 -21.740000 3.100000 -20.470000 -29.240000 -35.380000 -93.840000 6.010000
-18.920000 -4.170000 25.355000 8.540000 -14.305000 -20.860000 -57.640000 -2.740000
15.960000 10.595000 40.600000 7.975000 5.113330 3.380000 -1.010000 22.380000
-25.530000 -1.360000 26.415000 9.860000 -10.310000 -15.315000 -44.840000 4.220000
0.090000 -8.120000 19.655000 1.000000 -10.310000 -13.840000 -43.350000 4.220000
32.630000 -0.820000 27.040000 10.975000 -2.530000 -4.410000 -2.800000 16.105000
-5.260000 0.590000 28.430000 34.470000 3.070000 -0.783334 -4.440000 22.910000
-9.560000 9.500000 40.600000 23.240000 4.890000 2.590000 -1.190000 22.770000
10.680000 6.920000 34.145000 23.080000 6.600000 5.010000 60.880000 25.950000
-24.090000 16.960000 51.510000 37.600000 -4.640000 -9.065000 -45.410000 10.150000
8.460000 14.540000 49.140000 34.470000 6.590000 4.420000 13.910000 25.760000
-3.260000 0.590000 25.830000 12.805000 16.355000 21.690000 38.040000 13.760000
26.270000 -27.440000 32.950000 -25.160000 -4.410000 -10.480000 -54.070000 11.510000
9.165000 14.540000 49.010000 34.470000 12.840000 19.770000 32.040000 36.460000
-10.660000 -10.920000 15.260000 13.500000 -9.180000 -13.490000 -43.250000 1.430000
20.190000 24.660000 55.575000 46.380000 17.960000 22.935000 42.850000 40.590000
-16.300000 -25.820000 -0.450000 -21.590000 -29.240000 -9.920000 -29.280000 -18.040000
24.370000 10.270000 40.455000 26.225000 -12.550000 -16.530000 -61.310000 1.430000
9.320000 14.540000 49.050000 34.470000 11.810000 -15.970000 -56.430000 33.750000
4.245000 10.595000 40.490000 29.720000 8.640000 8.060000 6.780000 14.970000
-8.150000 -4.680000 24.230000 12.805000 -6.010000 -9.920000 -30.530000 5.010000
-1.360000 0.590000 28.430000 4.980000 1.910000 -1.235000 -2.800000 20.100000
3.120000 10.180000 37.135000 26.225000 9.400000 16.770000 18.370000 30.880000
-10.790000 -13.365000 15.010000 -6.035000 -14.670000 -20.710000 -57.120000 -3.695000
-10.660000 -10.730000 16.700000 -2.030000 -9.180000 -13.490000 -49.760000 -0.995000
-6.170000 -3.660000 26.735000 50.300000 -4.480000 -9.050000 -22.650000 13.760000
10.180000 17.845000 51.420000 46.380000 12.020000 -5.440000 -19.170000 40.050000
-7.290000 -4.510000 24.040000 7.975000 -8.150000 -17.560000 -54.070000 6.940000
5.400000 11.810000 42.185000 32.570000 10.415000 12.475000 12.120000 34.300000
-20.100000 -4.680000 34.090000 10.970000 -5.480000 -9.920000 -31.680000 8.980000
1.700000 1.060000 29.010000 13.710000 -4.520000 -9.060000 -22.650000 10.755000
24.080000 11.695000 44.290000 29.720000 29.660000 21.935000 42.850000 30.520000
-5.160000 7.510000 36.790000 23.080000 -8.855000 -22.920000 -61.310000 5.200000
0.190000 0.590000 27.040000 9.480000 1.910000 -1.235000 22.790000 20.100000
-12.730000 -4.680000 23.362500 6.630000 -6.210000 -10.100000 -31.680000 -0.995000
-6.790000 -6.110000 23.200000 5.170000 -4.260000 -7.260000 -21.920000 13.760000
-18.900000 -18.235000 7.650000 -16.620000 -21.280000 -10.100000 -32.360000 -6.890000
5.500000 -6.515000 19.790000 4.110000 1.910000 -2.675000 -11.480000 20.100000
-12.843300 -10.300000 16.880000 -1.115000 -12.550000 -15.970000 -49.360000 1.620000
-16.180000 -15.110000 10.450000 -1.650000 -13.660000 -15.635000 -48.240000 -3.695000
-25.900000 -22.470000 2.400000 26.055000 -28.830000 -33.300000 -3.970000 -11.890000
10.680000 17.845000 51.510000 0.390000 14.830000 21.380000 -53.960000 38.860000
-16.310000 -14.900000 10.480000 -9.680000 -12.810000 -17.330000 -52.755000 0.360000
-2.230000 3.180000 19.960000 16.040000 -4.410000 -8.240000 45.720000 32.380000
26.160000 -13.730000 15.260000 -3.510000 10.630000 14.120000 18.000000 33.050000
-5.580000 -19.810000 6.950000 20.740000 -13.193300 -17.330000 -53.960000 -0.995000
-15.950000 -13.450000 15.010000 -6.035000 -13.840000 33.780000 -39.650000 -2.740000
53.660000 4.880000 32.150000 16.040000 12.470000 19.690000 13.910000 36.460000
5.415000 6.780000 34.100000 20.740000 3.360000 11.250000 13.910000 19.420000
-17.970000 -10.730000 26.730000 -0.390000 -13.840000 -20.640000 -55.930000 -3.695000
0.100000 4.495000 31.640000 18.090000 25.430000 -1.860000 0.725000 43.810000
-12.650000 -13.660000 15.060000 -7.230000 -22.640000 -27.060000 -64.160000 -8.495000
26.160000 -10.300000 16.840000 -0.150000 9.400000 12.105000 12.230000 30.880000
-18.220000 -4.510000 24.000000 8.540000 -17.960000 -24.670000 -66.710000 -6.400000
59.250000 62.445000 101.020000 83.775000 61.895000 2.720000 -10.690000 60.540000
11.810000 29.780000 50.780000 4.020000 21.940000 23.750000 -74.290000 32.380000
5.380000 4.453330 30.880000 16.380000 8.290000 6.880000 4.680000 22.860000
0.190000 5.680000 33.200000 17.823300 -4.010000 -6.880000 -19.790000 14.070000
-6.450000 -6.030000 15.270000 5.380000 -3.425000 -2.675000 -9.470000 16.400000
-28.140000 -30.920000 -14.380000 -31.110000 -4.480000 -9.060000 -19.170000 11.020000
1.925000 14.475000 49.010000 34.145000 8.780000 10.370000 12.230000 29.660000
-18.640000 -18.270000 7.530000 -16.740000 -17.960000 -24.970000 -61.310000 -8.495000
-3.260000 0.825000 28.880000 16.040000 5.390000 3.380000 -1.190000 50.410000
24.500000 29.780000 69.625000 53.640000 33.850000 17.465000 37.810000 33.420000
5.400000 11.810000 42.185000 30.780000 9.780000 12.150000 13.910000 39.845000
-15.970000 -10.156700 15.060000 -0.570000 -21.590000 -24.970000 -64.160000 -6.890000
15.960000 24.660000 18.570000 46.380000 25.430000 6.675000 5.090000 38.825000
-12.910000 -21.740000 16.050000 -20.330000 1.270000 -2.300000 -14.620000 18.270000
3.680000 11.160000 41.390000 16.380000 10.630000 14.120000 18.040000 33.050000
-12.910000 -8.440000 20.090000 0.390000 -28.830000 -33.300000 -61.290000 -9.140000
-9.650000 -13.365000 15.010000 17.000000 -4.390000 -8.090000 -22.490000 11.880000
-9.870000 -6.515000 15.010000 4.400000 -6.530000 -10.750000 42.360000 6.940000
1.925000 7.270000 35.710000 23.240000 14.895000 21.690000 -10.690000 40.410000
-17.510000 -15.360000 9.970000 -5.500000 -13.840000 -20.640000 -55.870000 -2.670000
24.370000 10.180000 40.490000 26.225000 21.940000 23.750000 54.340000 34.465000
-12.730000 1.130000 30.170000 17.310000 0.145000 -3.570000 -3.970000 16.840000
-9.560000 -6.030000 22.915000 5.380000 -6.010000 -10.480000 -32.360000 8.830000
-15.120000 -13.450000 14.850000 -5.950000 -24.400000 -28.150000 -63.410000 5.350000
9.320000 11.605000 41.390000 29.720000 11.810000 7.200000 -27.610000 33.750000
-11.190000 -10.430000 16.840000 -1.650000 -9.180000 -13.490000 -34.060000 6.040000
4.245000 9.800000 7.380000 23.620000 9.770000 11.400000 13.885000 31.375000
-32.890000 -30.920000 18.600000 -31.110000 -32.100000 -33.770000 -55.870000 -25.790000
-15.100000 -8.070000 19.960000 0.400000 -11.120000 -15.405000 -48.860000 10.755000
10.990000 24.660000 55.575000 46.380000 -3.530000 -6.880000 -19.440000 14.840000
2.060000 5.930000 29.575000 18.300000 8.510000 7.200000 13.910000 28.230000
-9.540000 -14.890000 11.510000 -9.280000 -17.180000 -22.920000 -61.290000 -5.100000
-5.570000 11.815000 51.590000 27.895000 6.590000 4.460000 -37.640000 27.305000
-17.510000 -16.530000 11.510000 -16.620000 -20.640000 -25.440000 -65.830000 -6.890000
-4.480000 0.640000 28.960000 13.500000 -0.310000 -4.305000 -14.620000 16.620000
-15.970000 -11.820000 15.260000 -5.500000 -13.660000 -19.840000 -55.870000 -1.690000
-18.920000 -20.160000 27.390000 -17.890000 -17.960000 -24.670000 -51.042500 -7.200000
16.485000 25.500000 22.915000 49.685000 11.870000 16.770000 -23.630000 33.420000
11.680000 -6.750000 21.020000 4.110000 -21.280000 -25.440000 -65.830000 -6.890000
0.010000 2.955000 30.600000 15.920000 3.360000 -2.300000 6.780000 21.363300
0.010000 3.660000 30.830000 17.310000 5.390000 3.520000 0.725000 25.760000
19.380000 25.460000 55.575000 39.340000 9.635000 11.400000 13.885000 20.100000
0.745000 5.320000 32.760000 17.740000 5.050000 -4.410000 -14.620000 22.810000
9.280000 9.800000 51.590000 23.270000 14.640000 16.770000 25.650000 38.550000
29.660000 30.770000 72.210000 55.650000 29.700000 33.780000 60.880000 50.410000
-8.470000 -4.750000 22.915000 4.510000 -5.500000 -9.860000 -14.670000 8.830000
-17.970000 0.825000 28.960000 13.500000 -1.540000 -10.650000 -51.042500 16.100000
-12.650000 -20.900000 4.870000 -16.740000 -9.240000 -8.860000 -43.140000 5.010000
-18.220000 -15.110000 10.480000 -11.790000 -17.180000 -9.920000 -31.680000 -6.880000
4.670000 11.815000 43.370000 30.895000 12.020000 -25.440000 -65.830000 33.750000
-6.450000 -7.215000 19.655000 12.805000 -3.720000 -7.050000 8.280000 14.970000
24.370000 29.020000 72.210000 53.640000 29.660000 7.200000 5.495000 21.363300
16.485000 -11.820000 15.270000 8.730000 -4.390000 -16.530000 -51.042500 11.880000
2.060000 -12.730000 15.060000 -5.500000 11.810000 22.935000 43.960000 33.750000
-12.843300 -1.120000 41.520000 10.380000 -13.660000 -19.060000 -53.960000 -1.690000
-32.890000 -25.883300 4.870000 -22.700000 -24.400000 -31.360000 -75.020000 -12.530000
0.090000 7.270000 35.710000 23.240000 6.590000 4.460000 13.910000 25.760000
3.120000 4.453330 30.880000 16.380000 -2.300000 -4.420000 -19.170000 16.100000
24.080000 -7.690000 19.960000 -5.380000 8.510000 1.460000 -2.800000 28.230000
16.965000 4.880000 31.990000 15.920000 1.910000 -1.235000 -5.520000 20.100000
-7.290000 -6.200000 22.100000 4.980000 -4.410000 -8.240000 -23.630000 11.510000
-9.540000 -6.030000 23.200000 6.300000 -4.480000 -9.060000 -56.430000 11.880000
16.485000 25.500000 55.575000 51.100000 21.940000 23.750000 50.780000 40.590000
-3.255000 6.340000 26.730000 24.430000 12.470000 19.550000 25.650000 36.460000
-15.970000 -13.660000 9.840000 -7.490000 -13.730000 -27.130000 -74.100000 -1.690000
1.620000 8.385000 37.740000 20.740000 6.600000 4.420000 3.810000 25.950000
-9.040000 -13.365000 15.060000 -6.035000 -11.120000 -15.905000 -48.860000 4.110000
16.485000 -18.235000 7.650000 -16.700000 -20.640000 -25.170000 -64.740000 -6.880000
-6.170000 5.320000 -5.400000 17.823300 -4.480000 -8.860000 -23.630000 14.450000
8.460000 16.960000 51.420000 39.340000 21.610000 22.935000 42.360000 40.410000
5.400000 12.960000 47.580000 32.495000 9.770000 12.105000 12.200000 31.540000
5.380000 -0.820000 27.040000 -11.790000 -5.480000 -10.480000 -32.360000 10.755000
3.520000 4.495000 41.520000 14.260000 9.040000 10.000000 11.810000 30.520000
-28.690000 -25.820000 32.950000 -21.370000 -28.830000 -20.710000 -54.070000 -7.200000
-3.255000 1.060000 36.450000 5.530000 1.900000 -1.860000 -8.990000 20.100000
-12.843300 29.020000 69.810000 53.640000 16.785000 22.695000 42.360000 40.050000
-6.545000 6.920000 34.320000 22.525000 0.145000 -5.550000 -19.120000 17.000000
-2.730000 15.910000 50.800000 35.940000 4.040000 1.900000 -2.800000 22.380000
4.040000 25.010000 56.195000 46.890000 8.780000 7.200000 -0.335000 30.480000
-16.310000 -14.900000 10.450000 23.680000 -12.810000 -17.330000 -52.755000 0.360000
-8.900000 -0.820000 23.362500 10.970000 1.630000 -0.783334 -4.440000 18.270000
-17.875000 -20.320000 6.950000 -21.590000 -12.020000 -15.405000 -47.050000 1.620000
-6.545000 -10.920000 16.580000 23.080000 -13.730000 -18.910000 27.380000 -1.860000
4.245000 10.595000 40.600000 27.895000 9.780000 12.150000 14.755000 21.363300
-18.920000 -14.900000 -2.400000 -2.750000 -17.180000 -17.330000 -51.430000 -3.110000
-12.650000 -13.650000 14.840000 -7.490000 -14.670000 -21.860000 -61.310000 -2.670000
26.160000 24.030000 54.320000 42.270000 8.460000 5.010000 4.680000 30.480000
-16.310000 -14.900000 10.480000 -25.160000 -22.260000 -27.030000 11.810000 -7.883330
10.990000 30.570000 18.600000 55.030000 4.075000 2.590000 -29.280000 22.910000
-7.290000 5.680000 32.950000 37.600000 1.910000 -1.235000 50.960000 20.100000
12.100000 -8.440000 26.735000 0.490000 1.630000 -0.783334 -4.440000 20.100000
-10.920000 -7.690000 23.480000 34.595000 -9.240000 -17.360000 -54.790000 5.010000
1.925000 12.570000 46.180000 32.220000 6.590000 4.460000 2.440000 26.320000
-10.790000 -9.980000 13.970000 -9.680000 -8.210000 -12.350000 -37.585000 6.090000
-9.170000 -6.450000 31.640000 -2.030000 -5.480000 -9.560000 -27.910000 8.830000
24.370000 12.840000 46.360000 33.270000 8.510000 7.200000 45.720000 28.230000
-15.100000 -27.230000 -5.400000 -17.890000 -25.140000 -4.305000 -14.620000 21.155000
-12.650000 -6.450000 21.640000 1.700000 -9.180000 -13.490000 -25.190000 5.080000
-9.040000 -6.450000 49.050000 4.110000 -6.250000 -9.560000 -57.120000 -5.805000
10.680000 25.010000 54.320000 22.525000 21.940000 23.750000 45.720000 31.990000
-10.335000 -7.215000 20.090000 5.530000 -9.170000 -13.240000 -40.030000 5.150000
-25.530000 -26.940000 -5.400000 -31.110000 -28.830000 -37.430000 -48.240000 -12.530000
16.740000 6.780000 34.100000 17.585000 9.400000 10.000000 11.810000 30.880000
3.140000 -6.200000 24.040000 5.380000 -1.540000 -4.305000 -14.670000 16.840000
-0.410000 8.270000 37.860000 23.680000 -4.260000 -7.260000 -37.590000 11.880000
5.500000 25.460000 57.960000 55.030000 10.630000 14.120000 18.000000 14.590000
0.190000 7.075000 34.100000 9.480000 3.360000 -7.050000 -20.710000 21.363300
-17.330000 -13.650000 14.840000 -11.790000 -13.410000 -19.060000 -54.790000 -0.995000
-28.690000 -27.440000 10.450000 -29.160000 -28.850000 -33.770000 -91.810000 -6.880000
-12.510000 -9.155000 18.060000 -0.390000 -11.120000 -16.320000 -50.040000 4.110000
12.100000 27.320000 65.680000 51.100000 -10.310000 -33.300000 -16.100000 4.220000
10.770000 15.910000 50.800000 38.035000 14.895000 21.500000 1.130000 40.170000
-4.410000 -9.155000 18.030000 -0.390000 -6.210000 -11.930000 -37.590000 8.780000
-8.900000 -6.450000 21.020000 4.510000 -6.530000 -10.750000 -36.200000 6.810000
-18.920000 -10.300000 16.580000 15.920000 -14.305000 -20.860000 -57.120000 -2.670000
4.245000 12.840000 46.360000 35.940000 10.575000 14.120000 18.000000 32.410000
-8.900000 7.510000 36.790000 56.140000 3.660000 1.300000 -4.165000 21.380000
1.700000 -0.820000 27.040000 10.970000 6.590000 4.460000 2.440000 27.145000
24.500000 30.570000 71.760000 55.030000 33.850000 12.105000 13.885000 55.115000
-2.660000 4.495000 31.990000 16.680000 1.790000 -2.005000 -8.990000 16.105000
-10.790000 4.610000 31.840000 26.580000 -1.540000 21.935000 42.040000 16.100000
-5.160000 -1.230000 22.100000 9.880000 -8.855000 -12.525000 -39.650000 5.200000
-23.520000 -20.710000 7.380000 -17.890000 -12.810000 -17.330000 -64.740000 0.360000
-10.335000 -3.700000 25.370000 -7.030000 -4.390000 -27.060000 6.435000 11.880000
-17.875000 -14.890000 13.180000 4.980000 -16.580000 -22.070000 -61.310000 -6.400000
-25.530000 -22.700000 3.100000 -21.200000 -29.240000 -16.320000 -51.042500 -17.740000
-7.180000 -6.110000 34.090000 8.540000 -4.260000 7.080000 6.670000 11.510000
-17.185000 -10.730000 7.530000 -2.030000 1.900000 -1.790000 -8.120000 28.880000
-20.900000 -20.320000 7.370000 34.990000 -22.710000 -27.060000 -49.910000 -9.140000
-9.170000 -7.130000 20.090000 4.020000 -8.210000 -12.525000 -39.650000 5.360000
1.936670 5.680000 32.760000 18.090000 6.270000 7.080000 6.435000 32.410000
-1.700000 7.360000 22.915000 23.270000 1.910000 6.675000 5.090000 20.100000
-17.970000 -18.270000 7.530000 -16.740000 -12.710000 -17.120000 -51.430000 0.535000
31.630000 30.770000 67.120000 55.650000 21.940000 23.750000 -13.115000 41.560000
23.025000 27.620000 65.680000 51.100000 -25.140000 -11.930000 -37.590000 -12.530000
-10.790000 -4.540000 33.330000 7.710000 -6.530000 -10.750000 -35.630000 5.150000
-18.910000 -15.360000 24.000000 -21.370000 -8.110000 -11.290000 -35.630000 6.040000
-5.570000 -1.230000 26.415000 -14.380000 -3.425000 -5.440000 -19.240000 28.880000
1.620000 3.300000 30.800000 13.500000 6.600000 5.010000 -21.920000 25.950000
9.280000 1.130000 30.830000 14.260000 -1.540000 -4.160000 -14.620000 16.400000
-3.610000 14.475000 49.010000 34.145000 -13.380000 2.590000 -1.190000 -5.100000
-6.230000 -10.730000 14.850000 -2.030000 0.945000 -2.230000 -9.470000 18.060000
5.415000 17.425000 51.590000 31.420000 13.500000 19.770000 32.040000 40.590000
-10.660000 -7.690000 19.960000 17.823300 -8.150000 -13.603300 -43.250000 14.970000
2.265000 12.590000 46.360000 32.495000 -4.260000 18.080000 25.650000 -11.175000
-26.790000 -26.940000 19.655000 -16.620000 -28.980000 54.975000 -10.690000 -16.370000
26.160000 11.605000 41.390000 29.720000 22.050000 -10.480000 -32.360000 11.510000
-10.920000 -9.155000 18.030000 -28.890000 -9.240000 -13.240000 -40.030000 5.010000
16.485000 25.010000 55.575000 -5.500000 25.500000 22.695000 42.360000 14.590000
-5.580000 -9.030000 13.970000 -0.150000 -20.920000 -24.040000 -63.410000 -6.890000
-9.540000 -6.110000 13.180000 5.380000 -6.210000 -13.490000 -43.250000 5.200000
-18.910000 -4.750000 23.362500 -3.260000 11.945000 18.080000 25.650000 34.465000
-16.300000 -14.060000 14.850000 -9.680000 -13.193300 -17.360000 -52.755000 40.050000
8.460000 14.475000 49.010000 34.145000 10.180000 12.230000 14.690000 31.990000
-2.730000 7.510000 36.790000 23.560000 3.360000 0.420000 -3.970000 21.380000
-4.540000 -10.730000 16.700000 -2.030000 -26.440000 -33.206700 -62.030000 -11.890000
-3.255000 3.300000 30.800000 16.040000 0.145000 -9.050000 -23.630000 16.910000
-2.730000 -0.810000 27.390000 18.090000 0.145000 -2.675000 -11.480000 16.840000
32.630000 7.360000 37.135000 23.270000 0.945000 -2.675000 -45.410000 5.150000
-8.150000 -6.515000 21.020000 4.980000 -4.520000 -9.060000 -51.430000 10.755000
10.770000 14.540000 46.180000 34.090000 -14.930000 -21.860000 -61.310000 -5.100000
-9.650000 -13.890000 13.710000 -8.300000 -9.170000 -13.490000 -43.350000 5.200000
-28.236700 -27.440000 -6.730000 -29.160000 -29.240000 -35.380000 -32.360000 -17.740000
5.400000 11.695000 40.600000 25.585000 10.180000 12.230000 -51.042500 31.990000
-9.870000 -6.200000 24.040000 5.380000 -5.500000 -10.100000 -25.190000 8.980000
-18.910000 -15.580000 10.480000 8.640000 -17.960000 -8.090000 -57.120000 -7.883330
-2.230000 -4.750000 23.385000 0.400000 -3.530000 -22.070000 -61.310000 14.450000
19.980000 25.010000 55.575000 46.380000 21.610000 23.560000 43.960000 40.745000
-2.250000 2.955000 24.230000 16.040000 6.270000 4.420000 -1.010000 25.620000
-20.100000 -12.070000 14.840000 -5.380000 -13.840000 -20.640000 -55.870000 -2.670000
26.270000 32.630000 35.710000 41.690000 7.310000 21.380000 -4.440000 26.320000
-2.260000 6.780000 34.100000 8.540000 8.780000 9.810000 10.580000 16.620000
-25.520000 -21.740000 14.540000 -20.470000 -22.960000 -27.900000 -74.290000 -8.470000
16.485000 25.500000 29.575000 0.980000 33.840000 10.000000 5.090000 20.160000
-30.210000 -8.520000 18.570000 0.400000 -21.920000 -27.060000 -50.040000 -6.900000
24.370000 -11.660000 15.260000 -3.510000 13.500000 14.120000 18.000000 40.410000
9.280000 14.540000 49.050000 30.780000 9.770000 19.770000 32.040000 33.750000
1.925000 8.270000 37.740000 23.680000 3.360000 0.420000 -3.970000 21.363300
9.280000 12.960000 47.580000 23.080000 9.320000 10.050000 11.810000 29.660000
-23.520000 -20.320000 7.370000 -19.100000 9.770000 12.150000 14.690000 31.540000
5.415000 11.810000 42.185000 30.780000 16.355000 -34.010000 -93.830000 40.050000
20.190000 -10.920000 16.580000 -2.750000 13.500000 21.500000 37.070000 30.880000
-5.570000 -0.385000 30.800000 11.440000 -3.530000 -5.440000 -19.170000 14.450000
0.745000 -7.130000 20.380000 4.110000 0.940000 -4.420000 -20.710000 22.810000
24.370000 15.710000 43.370000 34.990000 25.500000 -0.790000 -5.135000 41.560000
2.265000 8.385000 35.460000 24.360000 8.780000 8.950000 10.580000 21.155000
-12.510000 -8.440000 11.510000 0.400000 -11.120000 -20.710000 -56.430000 4.110000
-18.920000 -25.280000 50.800000 -21.200000 -28.830000 -33.206700 -76.805000 9.850000
-17.970000 -15.360000 4.870000 -14.380000 -17.960000 -9.510000 -27.610000 -6.880000
-10.920000 -8.120000 19.655000 0.980000 -9.240000 -26.790000 2.140000 5.010000
29.660000 11.810000 47.580000 31.420000 -4.390000 -8.860000 -22.650000 11.880000
-19.100000 -7.215000 20.090000 -8.300000 -12.710000 -17.120000 -43.350000 0.535000
12.435000 13.450000 48.740000 34.090000 9.780000 12.105000 13.910000 35.800000
0.090000 7.510000 34.320000 23.560000 10.575000 13.240000 -20.710000 32.410000
-17.510000 -9.980000 10.480000 0.390000 -9.920000 -13.840000 -3.970000 5.200000
16.965000 27.620000 69.625000 -7.490000 -4.520000 -9.060000 -23.680000 10.755000
-9.540000 -6.515000 20.965000 4.510000 -8.150000 -12.350000 -37.585000 5.510000
-30.210000 -9.155000 18.060000 -0.150000 -21.920000 -26.790000 -76.805000 -7.200000
-19.880000 -10.920000 14.850000 -7.600000 -12.710000 -17.560000 -54.070000 0.535000
-18.910000 5.930000 33.330000 16.380000 -6.210000 -10.750000 -36.130000 -17.740000
24.080000 34.090000 37.995000 57.700000 33.620000 34.160000 65.400000 50.770000
-18.640000 6.595000 34.100000 18.300000 -4.520000 -9.060000 -10.690000 10.755000
-4.510000 -0.810000 42.030000 12.130000 -3.425000 -25.820000 -74.290000 14.590000
2.060000 12.570000 46.180000 32.220000 0.365000 -7.260000 -16.100000 16.910000
-4.480000 1.060000 29.575000 14.260000 -4.260000 -7.260000 -21.920000 16.400000
-12.730000 -8.940000 18.600000 0.490000 -11.410000 -15.905000 -48.860000 3.405000
-16.310000 14.770000 50.290000 34.595000 8.165000 6.675000 5.090000 23.145000
-4.480000 -9.980000 26.415000 -0.070000 -8.320000 -13.490000 -25.190000 5.360000
-3.260000 0.880000 28.960000 8.730000 1.630000 -1.790000 -8.990000 17.000000
10.770000 -8.120000 19.655000 0.400000 -26.440000 -33.300000 -47.050000 -12.530000
-25.530000 -25.820000 -0.450000 -21.370000 -28.830000 -33.300000 -87.693300 -5.805000
-9.560000 -1.230000 20.965000 9.860000 -9.180000 -16.530000 -51.042500 5.080000
10.770000 14.770000 49.010000 34.595000 14.895000 21.500000 37.070000 11.240000
-2.730000 16.640000 29.575000 -0.390000 21.940000 23.750000 45.720000 40.745000
-28.140000 -25.820000 -0.450000 -21.200000 -25.530000 -25.170000 -63.410000 -5.805000
20.950000 29.020000 69.625000 57.700000 29.660000 28.890000 -8.120000 56.090000
0.100000 5.320000 31.640000 16.040000 5.510000 -9.560000 -28.480000 22.380000
0.090000 4.495000 31.840000 18.090000 4.040000 1.900000 -2.800000 22.380000
-6.290000 -3.700000 25.370000 5.380000 -5.200000 -9.510000 -27.610000 9.947500
-16.310000 -13.650000 14.840000 -17.890000 -13.980000 -20.860000 -60.870000 -1.690000
-3.755000 5.930000 -2.190000 18.230000 1.630000 -2.675000 -12.475000 11.020000
-6.790000 -3.960000 29.575000 8.640000 -5.200000 -9.510000 -35.630000 9.947500
0.090000 5.230000 31.840000 17.585000 -22.640000 -27.060000 -74.040000 -8.470000
0.100000 11.605000 41.390000 29.720000 21.610000 4.460000 4.310000 40.590000
-9.560000 3.180000 30.830000 16.040000 8.165000 4.420000 2.140000 26.320000
6.510000 6.595000 34.090000 18.300000 4.040000 1.900000 -2.800000 22.380000
-2.730000 0.880000 23.385000 13.710000 1.910000 -2.230000 -9.470000 20.100000
-2.260000 3.180000 30.800000 15.920000 3.360000 -1.860000 -8.770000 21.570000
25.590000 38.245000 37.740000 -7.230000 29.660000 50.700000 65.400000 50.410000
-18.910000 -18.235000 7.650000 -16.700000 -20.640000 -25.440000 -65.830000 -6.400000
-9.170000 -8.520000 -2.190000 0.400000 -5.480000 -9.560000 -32.360000 9.947500
5.920000 15.910000 50.290000 46.380000 5.390000 -12.350000 -37.640000 23.145000
-28.236700 -20.320000 24.230000 -19.420000 -22.260000 -27.030000 -69.056700 -6.880000
-7.180000 -4.750000 23.362500 6.630000 -8.855000 -12.525000 -40.030000 5.200000
10.680000 30.770000 19.130000 55.650000 26.440000 28.890000 12.120000 17.000000
-16.180000 -14.060000 35.710000 -8.300000 -14.670000 -21.860000 -61.290000 -3.695000
-20.100000 -2.750000 25.830000 8.640000 -11.120000 -15.405000 -47.050000 4.110000
-19.340000 -19.810000 7.380000 -17.030000 -21.920000 -25.820000 -9.470000 -8.730000
-2.250000 3.180000 34.320000 16.040000 3.070000 -0.783334 -4.440000 21.155000
16.485000 16.960000 7.370000 38.035000 16.355000 21.690000 38.040000 40.745000
26.270000 24.030000 54.320000 42.270000 29.660000 27.770000 5.495000 38.550000
-9.870000 -5.480000 23.480000 23.080000 -10.500000 -15.315000 -44.840000 4.200000
-12.730000 7.510000 36.790000 23.560000 -3.425000 -5.440000 -19.120000 30.480000
5.920000 13.360000 47.580000 38.035000 9.770000 12.150000 14.690000 30.880000
-2.730000 6.780000 40.455000 18.090000 8.290000 6.675000 5.090000 27.145000
-0.410000 6.920000 34.090000 22.525000 3.880000 4.420000 1.130000 21.570000
-0.410000 -6.515000 21.020000 4.400000 -3.425000 -2.300000 -16.100000 14.970000
-5.260000 -0.925000 26.735000 10.975000 -3.425000 -5.550000 -19.240000 14.970000
-2.250000 3.180000 30.800000 16.040000 0.900000 -3.240000 -12.500000 16.910000
-4.410000 -0.810000 27.790000 10.975000 -3.340000 -5.040000 -17.030000 15.390000
-14.040000 -8.070000 19.655000 -0.150000 -4.480000 -16.320000 -49.910000 5.510000
3.120000 6.595000 34.100000 18.300000 8.460000 -1.860000 -8.990000 28.025000
-9.560000 -0.810000 27.390000 11.065000 -3.720000 14.120000 18.040000 16.100000
1.600000 7.360000 36.450000 23.270000 4.075000 2.440000 -1.460000 19.420000
24.500000 0.880000 29.010000 13.710000 -8.855000 -12.525000 -37.585000 5.080000
-15.970000 -9.030000 18.570000 -0.570000 -13.980000 -20.710000 -55.870000 -2.740000
-3.255000 11.815000 46.360000 30.895000 -8.110000 3.380000 -0.820000 6.010000
11.810000 17.425000 51.590000 30.895000 11.870000 17.465000 13.885000 33.920000
11.680000 25.460000 65.680000 46.890000 21.940000 23.750000 -43.140000 33.750000
-25.900000 -18.235000 7.650000 -16.740000 -20.920000 -25.170000 -64.740000 -6.880000
25.590000 51.240000 69.810000 83.775000 33.840000 -1.790000 -8.770000 56.830000
-28.140000 -27.440000 8.060000 11.065000 -28.830000 -3.240000 -12.500000 -11.890000
26.160000 30.770000 30.220000 55.650000 33.850000 33.780000 60.880000 31.990000
-7.290000 -10.430000 16.840000 -1.650000 -1.900000 -4.305000 -14.620000 16.100000
-16.300000 -14.060000 13.710000 -8.300000 -14.305000 -20.860000 -54.070000 1.580000
-9.650000 -0.810000 27.790000 18.230000 -3.530000 -22.070000 -61.310000 3.680000
5.415000 -21.740000 13.180000 -20.470000 -10.500000 -33.770000 38.040000 4.200000
-19.340000 -18.270000 7.530000 -16.740000 -22.260000 -27.030000 -15.190000 -7.883330
-4.410000 0.320000 23.362500 11.440000 -0.310000 -4.420000 -16.100000 16.620000
5.415000 14.540000 49.050000 53.640000 5.113330 3.425000 -1.010000 22.860000
2.060000 5.930000 32.760000 16.040000 8.290000 5.930000 6.670000 1.430000
-32.890000 -30.920000 16.580000 -31.110000 -32.100000 -33.300000 -74.100000 50.410000
38.310000 12.840000 19.960000 27.895000 25.500000 28.890000 54.340000 45.190000
-24.090000 -21.740000 13.970000 -20.470000 -28.850000 -33.770000 12.230000 -15.830000
-6.170000 -3.660000 25.370000 8.940000 -4.390000 10.370000 12.200000 11.880000
-9.560000 -0.810000 17.375000 10.970000 -3.425000 -5.550000 -19.120000 14.970000
-12.510000 -10.730000 16.700000 10.975000 -4.640000 -9.065000 -22.650000 10.150000
-9.540000 -2.750000 28.430000 9.480000 -6.250000 -10.650000 -29.280000 6.810000
3.140000 12.380000 44.290000 31.420000 12.840000 19.690000 -3.230000 43.200000
9.165000 12.840000 30.600000 32.720000 -7.200000 -11.280000 -36.200000 5.510000
-2.250000 -1.230000 26.150000 9.880000 37.755000 50.700000 54.340000 31.375000
20.950000 27.320000 30.880000 51.100000 29.700000 33.780000 -5.135000 50.410000
-7.290000 -13.650000 14.840000 5.530000 -13.730000 -9.065000 -25.190000 -3.110000
-3.260000 1.060000 31.990000 14.260000 0.940000 -2.675000 -53.960000 38.825000
5.400000 11.810000 42.185000 30.780000 -9.180000 -13.603300 -43.250000 5.080000
-12.650000 -13.365000 14.850000 -5.950000 -10.500000 -22.920000 -62.030000 4.200000
-19.100000 -18.235000 7.530000 -17.030000 -21.590000 -24.970000 -64.160000 -6.880000
2.265000 30.770000 65.680000 55.650000 11.810000 14.120000 18.040000 33.920000
11.810000 27.320000 69.810000 51.100000 16.785000 21.935000 42.040000 40.745000
-2.260000 4.453330 30.880000 16.380000 3.660000 1.300000 -3.970000 21.380000
-6.290000 -0.810000 28.960000 11.065000 -2.300000 -4.420000 -11.480000 16.105000
-5.160000 -4.750000 23.480000 6.630000 -4.640000 -8.240000 -22.650000 5.510000
-19.100000 -18.270000 2.400000 -19.100000 -25.530000 -32.540000 -19.440000 -11.175000
-17.330000 7.270000 35.710000 23.270000 -32.100000 -40.890000 -99.270000 31.540000
-25.520000 9.800000 41.270000 24.360000 -4.520000 -9.060000 -24.760000 10.755000
26.160000 -1.230000 26.730000 9.880000 -14.305000 -20.860000 -54.580000 -0.950000
-28.236700 -1.120000 36.790000 7.710000 1.900000 -1.790000 -5.520000 18.890000
1.936670 7.360000 37.740000 23.270000 8.355000 6.880000 6.780000 27.305000
-16.310000 -25.883300 -2.400000 -21.590000 37.755000 52.050000 75.320000 56.830000
-2.660000 12.840000 50.290000 32.495000 14.895000 21.500000 37.810000 16.100000
3.140000 11.605000 41.390000 29.720000 9.400000 10.050000 -1.460000 30.810000
-6.450000 -20.900000 5.610000 17.740000 -13.380000 -17.560000 -54.070000 -0.995000
-12.650000 -10.156700 15.010000 -0.570000 -12.550000 11.250000 14.755000 1.430000
-24.090000 -8.120000 19.655000 0.490000 -11.410000 -15.635000 -47.050000 5.080000
-7.290000 -7.690000 25.370000 5.380000 -8.110000 -11.280000 -43.250000 6.010000
-15.120000 -14.060000 5.610000 -8.300000 -13.980000 -20.710000 -54.580000 -1.690000
-5.580000 -0.925000 26.735000 9.860000 0.900000 -2.910000 -12.475000 16.910000
-12.650000 -15.360000 11.320000 -13.610000 -17.870000 -19.840000 -37.640000 -12.530000
0.190000 4.453330 15.270000 -14.380000 8.165000 6.880000 14.755000 26.730000
-8.470000 -3.660000 27.790000 0.490000 0.365000 9.810000 10.580000 16.910000
-2.230000 11.810000 42.185000 30.780000 6.270000 3.520000 -0.335000 22.810000
-8.900000 -6.200000 25.830000 4.020000 -4.480000 -9.050000 -23.630000 10.150000
-25.520000 -22.470000 3.100000 53.640000 -4.390000 -8.090000 -22.490000 -5.430000
-17.875000 -13.660000 -6.730000 -7.030000 -12.810000 -17.330000 -53.150000 8.980000
20.190000 -12.070000 26.415000 -5.380000 11.810000 19.690000 3.810000 33.750000
-5.570000 -4.170000 24.230000 8.540000 -2.530000 14.690000 10.580000 11.510000
2.820000 9.800000 9.840000 26.580000 8.740000 6.675000 5.090000 34.300000
-8.900000 -4.680000 21.640000 6.630000 -8.150000 -12.490000 -38.375000 6.090000
-17.185000 -3.960000 7.380000 8.640000 -5.500000 -9.860000 -30.530000 9.880000
-24.090000 -25.883300 -2.190000 -21.190000 9.320000 10.000000 11.810000 30.880000
-20.100000 -20.160000 6.630000 -5.500000 -22.710000 -27.030000 -66.710000 -8.495000
5.500000 11.810000 42.185000 29.720000 9.320000 10.370000 12.200000 30.810000
8.460000 12.570000 46.180000 32.220000 10.575000 13.240000 60.880000 32.380000
-3.255000 11.695000 41.390000 29.850000 -1.900000 -6.470000 -22.490000 16.840000
-11.190000 -6.515000 21.020000 4.400000 -10.500000 -15.315000 -50.040000 4.200000
-5.580000 7.360000 36.450000 23.270000 -1.900000 -4.420000 -22.490000 5.360000
10.180000 -8.440000 18.060000 0.390000 1.270000 -2.005000 -8.990000 18.270000
-5.680000 -0.810000 30.170000 -13.610000 -10.310000 -25.820000 -66.710000 4.220000
-28.690000 -1.230000 26.150000 9.860000 10.180000 9.810000 10.470000 31.990000
1.700000 12.570000 17.375000 32.220000 6.600000 5.010000 4.310000 25.950000
25.590000 29.780000 40.455000 59.540000 8.780000 9.810000 10.470000 30.520000
-21.200000 -4.170000 24.000000 8.540000 -6.530000 -10.750000 -31.680000 6.040000
9.320000 14.540000 47.580000 34.470000 61.895000 54.975000 80.340000 60.540000
-6.230000 -4.540000 22.915000 7.710000 -3.425000 -5.440000 -19.170000 14.970000
-17.875000 -11.820000 15.270000 -0.150000 -10.500000 -15.315000 -44.840000 4.200000
10.990000 12.960000 47.580000 33.270000 16.785000 21.500000 42.850000 40.170000
11.810000 15.710000 49.010000 34.990000 22.050000 23.780000 50.780000 43.810000
-12.510000 -8.940000 18.600000 0.980000 -10.310000 -12.490000 -36.200000 4.220000
-17.510000 -7.130000 20.380000 4.020000 -10.310000 -13.840000 -43.350000 4.220000
-16.840000 -13.660000 14.850000 -7.230000 -13.840000 -20.860000 -45.410000 -2.670000
-28.890000 -25.883300 20.090000 35.940000 -28.980000 -4.160000 -12.475000 -15.830000
-3.255000 0.590000 28.430000 9.480000 -3.530000 -6.470000 -17.030000 14.070000
-15.120000 -8.070000 19.790000 4.020000 25.430000 12.230000 15.120000 45.190000
-12.730000 -10.730000 16.700000 -2.030000 -12.550000 -16.530000 -74.290000 -11.175000
-18.910000 -19.060000 7.380000 -16.740000 -22.710000 -25.820000 -67.930000 -8.495000
-4.480000 -0.925000 26.735000 10.975000 -0.310000 -4.160000 -0.820000 11.880000
-24.090000 -8.440000 19.655000 1.000000 -14.305000 -20.970000 -60.370000 -5.430000
-28.236700 -27.230000 21.640000 -25.160000 -28.850000 -33.300000 -61.310000 -15.250000
-25.050000 -22.700000 -0.170000 -21.190000 -24.400000 -22.070000 -61.310000 -17.740000
24.500000 34.090000 47.580000 13.500000 37.755000 21.690000 38.040000 40.170000
-12.843300 -0.810000 34.100000 18.090000 -6.010000 -20.970000 -60.870000 22.860000
-16.300000 3.660000 30.830000 16.250000 -13.840000 -16.530000 -53.150000 -2.670000
-8.520000 0.590000 27.040000 16.250000 -3.720000 -6.470000 -1.010000 14.590000
2.265000 8.270000 37.740000 23.680000 8.355000 6.880000 14.755000 27.490000
-25.530000 -21.740000 14.285000 -20.470000 -25.140000 -33.770000 -91.810000 -11.175000
-4.010000 1.060000 27.040000 -7.600000 3.880000 1.300000 -3.970000 21.363300
-6.170000 -8.120000 19.655000 0.980000 9.040000 10.050000 12.120000 28.230000
10.990000 12.840000 48.740000 32.570000 12.470000 19.550000 27.380000 36.460000
1.620000 4.880000 31.990000 17.585000 8.460000 -5.440000 -19.170000 -25.790000
-9.170000 -6.450000 21.640000 4.980000 10.630000 14.120000 18.000000 33.050000
-9.040000 -10.920000 16.050000 -2.750000 -8.855000 -12.525000 -37.640000 6.010000
-17.510000 -14.790000 11.510000 -9.280000 -13.410000 -16.320000 -50.040000 -0.995000
19.980000 14.770000 16.880000 34.470000 21.610000 -15.315000 -45.410000 40.745000
-3.255000 16.640000 30.600000 37.600000 6.600000 5.010000 4.310000 25.950000
11.680000 15.910000 49.050000 26.225000 14.830000 52.050000 75.320000 38.860000
-16.180000 -13.365000 30.170000 4.110000 -13.730000 -19.840000 -55.870000 -9.140000
20.950000 27.620000 31.990000 3.300000 33.850000 23.750000 -54.790000 56.090000
25.590000 30.770000 72.210000 55.650000 -3.340000 -5.040000 18.370000 15.390000
-6.545000 -7.690000 20.090000 -2.750000 -8.320000 -12.490000 2.440000 5.350000
-9.560000 -0.820000 27.040000 10.975000 -9.170000 -15.970000 -51.430000 5.360000
-25.530000 -26.940000 14.840000 -20.330000 -28.980000 -34.940000 -93.830000 -12.530000
1.936670 10.595000 40.080000 29.850000 3.880000 1.300000 -4.165000 21.570000
-9.650000 -1.360000 26.735000 5.530000 -6.530000 -9.560000 -23.680000 6.010000
1.700000 6.780000 34.090000 3.300000 8.460000 6.675000 3.810000 25.760000
10.680000 10.180000 40.600000 26.225000 11.870000 16.770000 22.790000 5.150000
10.680000 15.965000 50.800000 38.035000 14.830000 21.935000 42.360000 38.860000
-6.170000 -3.960000 25.355000 8.540000 -4.480000 -9.060000 -22.490000 11.510000
16.485000 24.030000 54.320000 42.270000 21.610000 19.770000 32.040000 -6.900000
26.160000 34.090000 83.645000 55.030000 -9.180000 -13.490000 -43.350000 6.810000
-5.260000 -0.925000 26.735000 -19.420000 0.145000 -3.570000 -12.475000 -3.000000
1.600000 0.825000 28.960000 13.500000 11.945000 17.465000 -28.480000 40.170000
-3.755000 -6.200000 22.100000 1.000000 -9.920000 -13.840000 -43.350000 1.580000
-17.185000 -14.790000 11.510000 -7.490000 -17.260000 -25.440000 -44.840000 -5.480000
14.590000 24.240000 54.690000 45.110000 21.940000 23.780000 50.780000 29.180000
16.930000 -15.360000 9.970000 -21.200000 -14.460000 -20.970000 -4.440000 -3.110000
-7.290000 1.060000 29.575000 14.350000 -5.480000 -9.560000 -28.480000 8.830000
3.120000 10.090000 39.870000 25.585000 9.400000 8.060000 8.280000 30.880000
-15.100000 -18.270000 7.530000 -16.740000 -21.280000 -25.440000 -65.830000 -6.890000
-23.520000 9.500000 37.995000 24.430000 -4.640000 -9.510000 -27.610000 10.755000
-12.480000 -5.480000 22.915000 -5.380000 -6.210000 -10.100000 -17.030000 -5.100000
-20.900000 -16.530000 10.450000 -10.270000 -22.960000 -27.900000 -74.100000 -8.730000
26.160000 29.780000 49.140000 14.260000 25.500000 27.770000 -5.135000 45.190000
-3.610000 2.955000 30.600000 16.040000 -9.180000 -13.490000 0.725000 5.010000
1.620000 -6.200000 23.200000 13.710000 -3.340000 -5.040000 -45.410000 15.390000
-11.190000 -4.170000 24.230000 8.540000 -7.200000 -12.350000 -37.640000 6.040000
-7.180000 -6.030000 22.915000 12.130000 -4.390000 -7.050000 42.850000 11.880000
-2.230000 -10.156700 27.790000 -0.570000 0.940000 1.900000 -5.135000 17.000000
0.100000 5.230000 26.415000 16.250000 5.113330 3.425000 -0.820000 22.860000
-9.540000 4.610000 31.990000 17.000000 0.940000 -2.675000 -23.630000 17.000000
3.120000 5.680000 29.010000 17.823300 9.040000 10.000000 -10.690000 30.520000
-4.480000 -3.960000 25.355000 8.730000 -4.480000 -8.860000 -23.680000 21.155000
1.936670 -7.690000 19.790000 4.980000 -4.480000 -9.510000 -27.610000 11.020000
-9.650000 13.450000 48.740000 34.145000 -8.210000 -4.305000 -14.620000 5.360000
-6.290000 -20.710000 10.480000 5.170000 -13.410000 -33.206700 -54.580000 -0.995000
-31.510000 4.453330 30.800000 -0.070000 -9.920000 -13.970000 -44.840000 17.000000
9.165000 12.840000 41.270000 32.720000 9.770000 -4.160000 -14.620000 35.800000
-25.530000 -14.790000 11.510000 -9.680000 -21.280000 -15.905000 -48.860000 -6.900000
-9.540000 -10.730000 16.700000 -1.650000 -10.310000 -16.320000 -50.040000 4.220000
-21.200000 -13.650000 14.840000 17.310000 -14.460000 -20.970000 -61.310000 -2.620000
-10.920000 -15.580000 -5.720000 -11.790000 -9.180000 -9.050000 -23.680000 4.220000
38.310000 9.500000 37.860000 32.570000 61.895000 54.975000 80.340000 60.540000
-16.300000 -13.660000 15.260000 -7.230000 -13.980000 -20.710000 -63.410000 1.430000
-4.510000 -1.120000 26.730000 4.020000 -2.530000 -4.420000 -31.680000 16.620000
-5.570000 10.180000 40.080000 45.110000 -4.390000 -7.050000 -19.790000 11.880000
-20.100000 -14.790000 11.510000 -2.750000 -17.870000 -24.670000 -63.410000 -5.805000
1.925000 12.590000 46.330000 32.495000 11.810000 10.050000 12.120000 33.750000
-18.910000 -17.030000 -14.380000 -16.620000 -20.640000 -25.440000 -65.830000 -6.890000
26.160000 24.030000 54.320000 32.720000 33.840000 36.610000 -43.140000 55.115000
-9.540000 -11.820000 15.260000 0.400000 -17.180000 -21.670000 -61.310000 -5.430000
11.680000 11.810000 42.030000 36.940000 8.460000 7.080000 6.670000 28.230000
-16.310000 -3.660000 25.370000 8.640000 -21.920000 -26.790000 -54.580000 -7.200000
16.930000 24.030000 54.320000 42.270000 26.520000 1.900000 -36.130000 40.050000
24.500000 34.090000 51.880000 23.240000 37.755000 50.700000 42.360000 45.635000
-4.480000 7.360000 33.330000 23.270000 3.360000 -0.790000 -1.190000 21.380000
-4.410000 0.640000 28.880000 4.510000 1.630000 -2.230000 4.680000 18.690000
-6.290000 -8.120000 19.655000 0.980000 -3.530000 -15.405000 -47.050000 16.910000
-12.730000 14.770000 49.050000 34.090000 26.440000 -17.560000 -54.070000 45.635000
-9.560000 -4.170000 24.230000 8.540000 -4.410000 -8.240000 -22.650000 11.510000
-2.260000 2.955000 30.880000 16.040000 -4.390000 -8.090000 54.340000 11.960000
23.025000 19.415000 34.145000 10.975000 11.810000 12.230000 15.120000 23.145000
-10.920000 -13.890000 9.970000 -8.360000 -4.640000 -9.050000 -23.450000 10.150000
0.190000 6.920000 34.090000 22.525000 1.910000 -1.790000 -31.280000 20.100000
-25.900000 -27.230000 -5.400000 4.980000 10.415000 11.400000 13.885000 32.380000
24.370000 24.240000 54.690000 45.110000 19.265000 22.935000 50.780000 40.590000
-26.500000 -25.883300 -2.190000 -21.590000 -29.153300 -35.380000 -93.840000 -16.370000
-8.520000 -6.030000 23.200000 5.530000 -8.855000 -12.525000 -39.650000 5.200000
-5.570000 10.180000 40.490000 26.225000 5.050000 -4.410000 -15.190000 22.390000
-16.180000 -6.750000 20.965000 17.000000 -10.310000 -17.120000 -55.870000 4.220000
-17.875000 -10.156700 14.840000 -0.560000 -21.920000 -26.790000 -75.020000 43.810000
-9.170000 -6.450000 19.790000 5.380000 -6.530000 -10.750000 -11.480000 14.070000
-16.300000 -14.060000 11.510000 -16.950000 -13.730000 -19.730000 -56.430000 -0.995000
24.500000 30.570000 71.760000 55.030000 33.840000 23.780000 50.780000 -0.995000
-3.755000 12.590000 46.360000 32.570000 -5.500000 -9.510000 -27.610000 23.145000
1.936670 -6.110000 22.580000 5.530000 -12.020000 -15.970000 -49.360000 1.620000
-26.500000 -21.740000 2.400000 -20.470000 -23.360000 -11.290000 -37.640000 -9.140000
-8.520000 -0.925000 26.735000 10.380000 3.660000 1.300000 -2.800000 21.380000
-20.900000 -17.030000 8.060000 -16.740000 9.635000 10.050000 12.120000 30.520000
-2.230000 4.453330 30.600000 33.270000 4.040000 7.080000 6.670000 22.390000
-5.680000 -13.890000 34.145000 -8.300000 -11.120000 -8.860000 -23.680000 4.110000
5.920000 10.595000 40.600000 -1.650000 8.510000 7.200000 6.670000 28.230000
16.930000 11.605000 41.390000 29.720000 -13.410000 -13.840000 -43.350000 -0.950000
2.400000 0.320000 28.880000 11.440000 -2.300000 -4.410000 -14.670000 16.100000
-8.470000 -4.750000 23.385000 6.630000 -4.640000 -9.060000 -23.680000 10.150000
4.245000 14.475000 49.010000 34.145000 10.630000 14.120000 18.000000 33.050000
0.745000 -10.920000 24.000000 39.340000 8.780000 10.000000 12.120000 30.480000
-10.335000 -20.320000 6.950000 -17.890000 0.945000 -2.300000 -1.190000 18.060000
5.920000 7.680000 28.430000 23.620000 9.040000 10.050000 12.230000 30.520000
-6.170000 6.340000 33.330000 17.585000 8.740000 8.950000 12.230000 18.270000
-28.140000 1.060000 33.330000 14.260000 14.830000 21.690000 37.810000 38.860000
-7.290000 -4.540000 24.140000 4.980000 8.165000 3.520000 0.725000 26.730000
-4.010000 19.415000 51.510000 41.690000 33.840000 -13.970000 -49.760000 17.610000
23.025000 -7.690000 18.570000 8.460000 5.113330 3.425000 -0.335000 22.770000
9.165000 6.920000 34.090000 22.525000 8.290000 -16.130000 -49.910000 40.170000
3.140000 27.620000 28.880000 29.850000 11.810000 14.690000 18.370000 33.920000
-2.730000 3.300000 30.880000 16.040000 2.660000 -0.790000 -5.135000 21.570000
5.380000 2.955000 30.830000 16.040000 5.050000 -9.510000 -27.610000 22.810000
12.435000 14.770000 36.790000 34.700000 39.150000 52.050000 50.780000 56.830000
26.160000 0.320000 28.430000 55.030000 14.830000 21.380000 33.380000 38.860000
-10.660000 5.230000 31.640000 17.823300 10.715000 14.260000 18.000000 33.420000
2.820000 10.090000 27.790000 53.640000 8.460000 6.880000 6.435000 24.310000
-32.890000 -30.920000 18.060000 -31.110000 -32.100000 -40.890000 -99.270000 -25.790000
-25.530000 -22.470000 15.060000 -20.470000 -25.530000 -33.206700 10.470000 11.510000
11.810000 25.010000 49.010000 46.890000 22.050000 23.780000 50.780000 43.810000
5.415000 11.695000 40.600000 30.780000 9.320000 10.000000 11.810000 33.920000
-17.510000 -14.060000 14.850000 -5.380000 -14.930000 -21.670000 -44.840000 -6.400000
-5.580000 -3.660000 30.600000 8.640000 -4.410000 -9.060000 -13.115000 11.510000
-6.290000 9.800000 51.880000 23.560000 12.020000 17.465000 18.370000 22.860000
-25.530000 -25.883300 16.580000 -20.330000 -28.980000 -33.770000 -93.830000 -16.370000
-8.520000 -20.320000 6.630000 -20.470000 -10.310000 -17.560000 -54.070000 4.220000
-12.843300 -0.385000 25.830000 11.440000 -6.210000 -10.650000 -34.060000 56.090000
10.680000 16.640000 54.320000 36.940000 14.830000 19.550000 22.790000 38.860000
5.920000 14.770000 49.050000 34.700000 9.400000 11.400000 13.910000 30.810000
-10.790000 -10.430000 16.840000 -1.650000 -13.980000 -20.710000 -12.475000 -2.620000
-20.900000 7.680000 47.580000 23.620000 21.940000 23.780000 43.960000 18.690000
5.400000 10.180000 40.600000 29.850000 1.630000 -2.005000 -8.990000 22.910000
-12.510000 -9.030000 19.790000 -0.070000 16.355000 19.690000 -4.165000 40.170000
7.120000 10.090000 32.950000 20.740000 9.635000 11.400000 13.910000 30.520000
31.630000 10.595000 39.870000 9.860000 26.520000 28.890000 38.040000 40.745000
-17.185000 -14.060000 10.450000 -8.360000 -13.840000 -22.070000 -61.310000 -2.620000
3.140000 7.075000 34.145000 5.380000 8.355000 6.880000 4.310000 40.590000
24.080000 29.780000 69.625000 53.640000 33.840000 33.780000 32.040000 33.920000
-3.610000 -6.030000 19.130000 5.380000 -4.640000 -9.060000 15.120000 9.850000
-28.236700 -27.230000 19.130000 7.710000 -32.100000 -40.890000 -99.270000 -25.790000
1.600000 2.955000 28.430000 16.250000 -6.530000 -10.750000 -35.630000 6.010000
-17.185000 -11.660000 16.050000 -3.260000 -12.550000 -16.530000 -51.042500 4.200000
-32.890000 -30.920000 32.150000 -31.110000 -32.100000 -40.890000 -99.270000 14.970000
19.380000 24.240000 54.690000 45.110000 25.430000 -5.550000 -19.170000 29.660000
-19.100000 -15.360000 9.840000 -5.380000 -16.580000 -10.480000 -31.680000 -6.890000
-4.480000 11.160000 40.600000 26.055000 -3.340000 -5.040000 -16.100000 15.390000
-19.880000 -18.235000 7.650000 -16.700000 -22.260000 -27.030000 -69.056700 -7.883330
-17.185000 -10.730000 16.700000 -20.330000 11.810000 14.690000 10.470000 33.750000
2.820000 -25.883300 -2.190000 -25.160000 -11.150000 -15.635000 -47.050000 3.680000
-4.410000 -0.820000 28.430000 10.975000 0.940000 22.695000 42.360000 16.910000
-12.650000 -13.650000 14.840000 -7.030000 -14.460000 -20.860000 -64.160000 -3.110000
-18.920000 -8.520000 19.595000 0.390000 -13.660000 -19.060000 -54.790000 -1.690000
-17.330000 -21.740000 10.480000 -20.330000 -24.400000 -12.525000 -39.650000 -9.140000
-9.040000 7.360000 36.450000 23.270000 -3.340000 -5.040000 -19.170000 22.910000
-18.920000 -18.235000 7.650000 -16.620000 -28.980000 -28.150000 -31.280000 -15.830000
-3.260000 11.695000 47.725000 51.100000 -1.900000 -4.420000 -12.475000 16.105000
-7.290000 -5.480000 23.385000 10.975000 -12.020000 -16.130000 -49.910000 1.620000
20.190000 32.630000 81.130000 55.650000 29.700000 20.860000 8.280000 50.410000
-31.510000 -17.030000 40.490000 -16.620000 -22.640000 -27.060000 -69.056700 -8.470000
5.500000 11.810000 42.185000 30.780000 0.940000 -2.675000 14.690000 25.620000
-9.650000 -10.300000 16.880000 -0.390000 -9.180000 -8.860000 -23.630000 5.010000
-18.920000 -10.730000 4.870000 -0.070000 -12.810000 -17.360000 -53.960000 -2.620000
-9.650000 0.590000 31.990000 12.805000 5.390000 3.425000 -40.030000 23.145000
-7.180000 -14.890000 11.320000 8.460000 -11.667500 -22.070000 -61.310000 2.490000
5.380000 10.270000 40.490000 26.580000 10.415000 12.150000 14.690000 32.410000
25.590000 30.570000 71.760000 55.030000 8.355000 6.880000 5.090000 21.570000
-25.900000 -9.155000 24.140000 -1.650000 -17.960000 -20.710000 -1.010000 25.950000
11.810000 12.840000 49.140000 32.720000 14.895000 21.500000 38.040000 -1.860000
-25.530000 -13.365000 15.010000 -5.950000 -22.260000 -27.030000 -69.056700 -2.740000
-2.250000 -0.385000 29.575000 11.440000 0.945000 -2.300000 -15.190000 -8.730000
-9.870000 -0.810000 27.390000 11.065000 -6.210000 -10.100000 -31.680000 20.100000
-18.900000 -4.680000 23.362500 3.300000 -4.260000 -7.050000 -22.490000 -2.620000
1.936670 11.810000 42.185000 10.975000 5.113330 3.380000 -1.010000 24.310000
-6.170000 6.920000 34.100000 23.620000 -3.530000 -9.560000 -28.480000 18.270000
-6.290000 -13.660000 15.260000 -7.230000 -8.110000 -11.930000 -37.590000 6.010000
-18.910000 -13.730000 13.970000 -7.030000 -14.460000 -20.640000 -55.930000 -2.670000
0.090000 5.680000 37.995000 17.823300 4.890000 -10.100000 -31.680000 22.380000
-23.520000 -20.710000 6.950000 -3.260000 -25.530000 2.720000 -1.190000 18.060000
-18.900000 -20.320000 11.510000 -1.650000 -17.260000 -25.440000 -65.830000 -5.430000
-9.540000 -8.520000 18.600000 0.390000 -6.250000 -9.560000 -28.480000 16.100000
0.090000 0.640000 29.010000 18.230000 5.510000 9.810000 -45.410000 43.200000
24.500000 16.960000 51.510000 37.600000 12.840000 19.690000 57.700000 32.380000
-28.140000 17.425000 51.510000 -3.510000 -3.425000 -5.550000 -19.240000 23.145000
-11.832500 -10.730000 16.700000 -0.560000 -11.120000 -15.405000 -38.375000 4.110000
16.965000 27.320000 68.200000 8.460000 21.610000 21.935000 42.040000 40.745000
-19.100000 -17.030000 8.060000 -16.700000 -17.260000 -32.540000 -30.530000 -5.480000
-6.170000 10.090000 41.390000 27.895000 14.090000 21.690000 37.810000 22.390000
-18.640000 -13.660000 16.700000 -1.115000 -9.180000 -13.490000 -87.693300 5.010000
16.485000 24.030000 54.320000 42.270000 10.575000 12.230000 15.120000 32.410000
-19.340000 -15.110000 10.450000 -17.890000 -31.510000 6.180000 5.090000 -11.175000
0.745000 6.780000 34.100000 20.740000 5.113330 3.425000 -1.190000 22.860000
-18.910000 -18.235000 7.650000 -16.700000 -9.180000 -13.603300 -43.140000 5.080000
9.320000 14.770000 49.270000 34.700000 12.840000 19.770000 32.040000 21.363300
0.745000 8.385000 37.860000 23.240000 5.113330 3.380000 -0.820000 22.860000
16.930000 25.500000 56.195000 53.640000 26.440000 22.695000 42.360000 11.240000
-8.520000 -2.750000 13.970000 14.260000 25.500000 22.935000 42.850000 40.745000
24.080000 10.595000 42.030000 17.823300 10.575000 13.240000 -54.580000 32.380000
-20.100000 -15.360000 10.480000 -22.430000 -25.140000 -31.360000 -75.020000 -11.175000
16.930000 -4.390000 24.140000 8.540000 -2.300000 -4.420000 -22.490000 16.105000
-6.290000 4.453330 30.600000 17.000000 -4.260000 -7.050000 -24.760000 20.160000
16.740000 -20.900000 5.610000 -22.700000 -3.720000 -6.470000 -19.170000 14.450000
19.980000 19.415000 51.880000 42.270000 13.500000 21.500000 37.070000 45.635000
-20.900000 -14.060000 11.510000 -29.160000 -22.710000 -27.060000 -75.020000 -8.495000
-4.510000 -0.385000 27.040000 11.445000 -3.425000 -5.440000 -19.240000 18.890000
-5.580000 15.910000 47.310000 49.685000 33.850000 54.975000 80.340000 24.310000
-6.230000 7.680000 37.135000 23.680000 9.040000 10.050000 12.200000 30.520000
-15.100000 -11.820000 15.270000 -16.620000 -13.193300 -17.360000 -54.580000 -0.995000
2.265000 -6.030000 22.915000 4.400000 -4.390000 -27.130000 -74.040000 21.570000
12.435000 21.680000 51.510000 41.690000 16.785000 22.695000 43.960000 40.410000
5.380000 11.605000 41.390000 29.720000 9.040000 10.000000 11.810000 30.480000
-15.950000 -13.890000 32.760000 -8.300000 -14.670000 -24.040000 -54.070000 -3.110000
-0.410000 -10.920000 16.580000 -2.030000 -6.250000 -4.160000 -13.115000 6.940000
16.930000 0.825000 28.960000 8.540000 8.780000 9.810000 10.580000 22.770000
-20.100000 -18.270000 7.530000 -16.740000 -21.920000 -27.030000 -69.056700 -6.880000
2.400000 9.500000 37.995000 24.360000 8.740000 3.425000 4.680000 14.970000
-15.120000 -29.690000 -14.380000 -29.160000 -20.640000 -22.920000 -71.090000 -8.730000
-18.920000 -20.320000 4.870000 -17.030000 -8.110000 -11.290000 -36.200000 6.090000
-6.545000 4.495000 31.640000 17.000000 -4.640000 -9.060000 -25.190000 9.880000
2.820000 8.270000 40.080000 23.680000 9.040000 10.000000 11.810000 30.520000
-10.920000 -10.730000 10.450000 -2.750000 -14.460000 -20.970000 -28.480000 -2.740000
-9.040000 -7.130000 19.960000 4.020000 -8.210000 -13.970000 -45.410000 5.360000
-10.920000 -6.030000 40.490000 5.380000 -4.260000 -7.260000 -21.920000 29.180000
-6.230000 -3.700000 25.370000 7.975000 -4.390000 -9.050000 -23.680000 11.880000
-18.640000 -14.790000 11.510000 -9.280000 -22.710000 10.370000 12.200000 -8.470000
-20.900000 -29.690000 2.400000 -16.740000 -24.400000 -32.540000 18.040000 -10.230000
-15.100000 -11.820000 15.010000 -6.035000 -12.710000 -17.360000 -34.060000 0.535000
-12.730000 -10.156700 18.060000 -0.560000 -11.667500 -15.905000 -51.042500 5.510000
29.660000 -0.820000 28.430000 10.970000 14.830000 3.520000 -1.190000 38.860000
-6.290000 -30.920000 14.285000 -31.110000 -17.960000 -24.670000 -66.710000 -7.883330
-12.650000 -9.030000 16.050000 -0.150000 -11.150000 -16.320000 -54.070000 3.680000
2.060000 8.385000 37.860000 24.430000 8.355000 6.880000 38.040000 27.305000
16.485000 27.320000 68.200000 52.690000 9.635000 10.000000 12.200000 31.990000
11.680000 3.300000 30.800000 16.040000 -3.340000 -5.040000 -16.100000 15.390000
-2.660000 -19.060000 7.380000 -16.950000 -11.410000 -15.635000 -48.240000 4.110000
-28.890000 -8.070000 19.790000 -0.150000 -6.530000 -11.280000 -36.200000 6.090000
5.415000 7.360000 37.135000 23.270000 8.740000 7.080000 6.670000 29.180000
16.740000 25.500000 65.680000 33.710000 -2.300000 -4.410000 -28.480000 16.105000
59.250000 62.445000 101.020000 83.775000 61.895000 54.975000 80.340000 60.540000
-25.530000 -22.470000 15.060000 -20.470000 9.635000 11.250000 45.720000 31.375000
5.500000 11.605000 41.390000 29.720000 4.075000 2.440000 11.810000 23.145000
59.250000 27.620000 69.625000 52.690000 9.040000 10.000000 10.580000 30.520000
-17.875000 -25.820000 -2.190000 -21.370000 -29.153300 -35.380000 -93.830000 22.810000
0.190000 11.160000 41.270000 30.895000 -0.310000 -13.840000 -43.350000 16.620000
-4.410000 0.825000 28.960000 13.500000 1.270000 -2.230000 -9.470000 18.270000
-11.832500 -13.660000 14.840000 -7.230000 -29.240000 9.810000 10.470000 -17.740000
-24.090000 -20.320000 6.950000 -16.950000 -22.640000 -27.060000 -51.430000 -8.470000
-9.650000 -6.030000 23.200000 -20.470000 -9.180000 -13.490000 -49.360000 5.010000
4.245000 27.320000 24.040000 23.680000 -6.250000 -9.560000 -16.100000 6.810000
-3.755000 -3.960000 25.370000 8.730000 -10.500000 -15.315000 -43.250000 4.200000
16.965000 15.710000 51.510000 37.600000 14.640000 22.695000 42.360000 14.070000
4.670000 9.500000 37.860000 23.080000 26.440000 -1.235000 -5.963330 45.190000
4.040000 6.595000 34.090000 18.300000 5.390000 3.380000 -1.010000 15.390000
4.670000 11.695000 26.730000 29.850000 10.180000 14.260000 18.000000 31.910000
25.590000 62.445000 101.020000 83.775000 61.895000 54.975000 80.340000 60.540000
4.040000 -7.130000 20.380000 4.020000 -14.670000 -19.840000 -55.870000 -9.140000
3.680000 5.930000 33.200000 -16.700000 8.780000 9.810000 10.580000 28.880000
0.090000 -0.810000 23.362500 11.445000 6.600000 5.010000 3.810000 25.950000
-5.260000 2.280000 30.220000 8.640000 -4.480000 -8.240000 -22.650000 11.020000
-5.570000 -8.520000 19.130000 0.400000 -5.380000 -9.560000 -19.120000 9.880000
6.510000 8.385000 37.995000 24.360000 8.740000 8.950000 10.470000 29.180000
5.400000 11.815000 43.370000 30.895000 10.415000 12.150000 14.755000 31.990000
-21.200000 -20.160000 6.950000 -20.330000 -21.920000 -26.790000 -4.440000 -5.100000
1.925000 7.360000 36.450000 23.270000 3.880000 1.460000 13.885000 21.570000
-15.970000 -20.320000 6.630000 -19.420000 -20.640000 -24.670000 -66.710000 -6.400000
-10.660000 -13.450000 15.260000 7.710000 -12.550000 -16.530000 -53.150000 1.580000
-10.660000 -7.215000 21.020000 4.020000 -4.390000 -8.090000 -22.490000 11.880000
-3.255000 -0.820000 27.040000 10.975000 -12.550000 -16.530000 -51.042500 1.430000
-9.540000 -6.450000 21.640000 4.020000 -8.210000 -12.350000 -37.640000 5.360000
-3.610000 -2.750000 25.830000 9.480000 -4.480000 -9.065000 50.960000 11.510000
-9.040000 -13.660000 14.285000 -7.600000 -3.425000 -5.440000 -19.170000 -12.530000
26.270000 25.990000 68.200000 50.300000 33.840000 -2.005000 -8.990000 4.110000
-15.120000 15.160000 49.270000 34.700000 8.290000 6.675000 -0.820000 27.490000
5.415000 17.845000 51.420000 39.340000 9.040000 9.810000 10.580000 30.480000
-3.755000 3.180000 30.600000 16.040000 0.900000 10.050000 -0.335000 18.690000
-6.790000 -8.120000 19.655000 0.980000 -9.240000 -13.840000 -43.350000 5.010000
-15.100000 -13.650000 14.840000 -7.030000 -13.660000 -8.090000 -22.490000 -1.690000
-21.200000 -26.940000 49.140000 -22.430000 -28.850000 -33.770000 -69.056700 -16.370000
-9.560000 -12.070000 15.060000 -5.380000 -10.500000 -15.405000 -47.050000 4.200000
-6.170000 -6.030000 32.950000 5.380000 -4.010000 -11.930000 -37.590000 14.070000
10.680000 13.450000 48.740000 34.595000 8.510000 7.200000 50.960000 28.230000
5.920000 1.130000 30.170000 14.350000 -9.180000 -13.490000 -43.140000 5.080000
2.400000 -1.230000 26.415000 9.880000 -1.900000 -4.420000 -17.030000 16.105000
-10.920000 -8.120000 19.655000 0.980000 -9.240000 -10.750000 -25.190000 5.010000
1.600000 11.815000 43.370000 30.895000 5.390000 3.520000 12.200000 23.145000
5.380000 11.815000 43.370000 30.895000 9.320000 5.010000 3.810000 30.480000
-18.900000 -14.060000 13.710000 -11.790000 -12.490000 -15.905000 -53.960000 1.580000
-5.580000 -6.450000 21.640000 6.300000 -9.240000 -9.060000 -53.960000 5.010000
9.165000 11.695000 41.520000 29.850000 -6.010000 -7.050000 -28.480000 8.780000
-15.950000 -11.660000 16.050000 -3.260000 -16.580000 -20.970000 -60.370000 -5.430000
-2.660000 4.495000 31.840000 16.680000 0.900000 -5.040000 -14.670000 16.105000
32.630000 -22.470000 7.370000 46.380000 5.390000 3.520000 -0.335000 22.810000
-3.755000 -1.360000 28.760000 9.880000 -3.530000 -7.050000 -1.010000 14.970000
-26.500000 -6.110000 22.580000 16.250000 -17.870000 -25.820000 -8.770000 5.010000
24.370000 29.020000 69.810000 52.690000 33.840000 36.610000 0.725000 56.830000
9.280000 25.460000 27.790000 47.560000 5.113330 3.380000 45.720000 22.910000
1.700000 12.960000 47.580000 0.490000 8.355000 6.880000 -29.280000 27.305000
-15.950000 -6.030000 23.200000 5.530000 -13.980000 -20.640000 -55.930000 -2.740000
-12.843300 -10.300000 16.840000 -0.560000 -12.490000 -15.905000 -48.860000 1.580000
0.010000 -3.660000 26.150000 8.940000 -9.180000 -13.603300 -43.350000 5.150000
-0.410000 5.320000 32.760000 17.823300 4.890000 2.590000 -1.190000 22.770000
-0.550000 12.590000 47.725000 32.495000 12.840000 19.770000 32.040000 27.490000
-18.920000 29.020000 69.625000 52.690000 8.460000 7.200000 6.435000 18.060000
-6.790000 -3.660000 26.150000 8.460000 -5.500000 -13.970000 -44.840000 8.980000
11.680000 4.610000 31.840000 4.510000 4.040000 3.425000 3.810000 22.380000
-30.210000 -25.820000 -0.450000 -21.370000 -28.850000 -31.360000 -75.020000 -15.830000
-2.230000 0.880000 29.010000 -0.070000 1.270000 -2.230000 -9.470000 33.920000
-6.545000 -15.360000 9.840000 -21.590000 -12.020000 -16.320000 -54.070000 1.620000
0.190000 15.710000 42.185000 -31.110000 -12.710000 -17.120000 -51.430000 0.535000
1.936670 7.270000 31.640000 23.270000 4.075000 2.440000 -8.990000 22.390000
-6.230000 -3.660000 10.480000 9.480000 -4.390000 -3.240000 -12.500000 11.880000
-9.560000 -8.940000 18.600000 -0.070000 -5.380000 -9.560000 -28.480000 9.880000
5.415000 9.800000 34.090000 24.430000 11.870000 17.465000 22.790000 33.050000
2.400000 9.500000 37.995000 24.360000 9.320000 12.105000 13.910000 -6.400000
24.080000 30.570000 71.760000 55.030000 22.050000 23.780000 50.960000 28.025000
-16.300000 -20.710000 6.950000 -19.420000 -31.510000 -40.890000 -99.270000 -16.370000
0.100000 4.453330 31.640000 16.040000 6.270000 3.425000 -1.190000 21.155000
9.320000 24.660000 55.575000 46.380000 14.895000 21.500000 37.810000 39.845000
-17.510000 -15.580000 9.840000 -14.380000 -14.305000 -20.710000 -69.056700 -3.000000
-11.832500 -7.215000 20.090000 1.700000 -11.667500 -15.970000 -49.360000 2.490000
1.925000 12.960000 47.580000 33.270000 -9.170000 -12.350000 -37.640000 45.190000
9.915000 25.990000 67.120000 50.300000 12.840000 19.770000 32.040000 35.800000
-6.545000 -7.130000 20.380000 4.020000 -5.500000 -12.525000 -39.650000 5.080000
11.680000 12.380000 44.290000 31.420000 19.265000 22.935000 37.070000 40.590000
-5.160000 -1.120000 26.730000 -16.620000 -3.530000 6.880000 6.435000 14.450000
-15.100000 -9.030000 18.600000 -0.150000 -11.410000 -15.315000 -45.410000 2.490000
-18.920000 -13.365000 15.270000 -9.280000 -22.260000 -26.790000 -67.930000 0.360000
-12.910000 -20.320000 8.060000 -6.035000 -28.830000 -33.300000 -37.585000 0.360000
11.810000 17.425000 50.780000 34.990000 16.355000 -27.130000 -74.290000 40.050000
10.680000 17.425000 50.800000 23.620000 9.780000 12.150000 14.690000 30.880000
-12.510000 -13.660000 14.850000 11.065000 -9.240000 -13.840000 -43.350000 5.010000
-15.120000 -20.710000 6.950000 -19.420000 -28.830000 -32.540000 -76.805000 -12.530000
-6.170000 -9.980000 6.950000 -0.390000 1.630000 -19.840000 -55.930000 18.690000
31.630000 30.570000 71.760000 55.030000 19.265000 22.935000 42.850000 40.590000
-5.580000 -4.390000 24.230000 8.540000 -4.480000 -9.065000 -27.610000 5.200000
-11.832500 -11.820000 15.060000 -2.030000 -13.730000 -19.840000 -54.580000 -1.860000
-3.755000 -3.700000 25.370000 32.570000 4.040000 54.975000 -8.990000 22.380000
-11.832500 -8.120000 19.655000 1.000000 -9.180000 -13.490000 -49.760000 5.010000
-14.040000 -10.430000 16.880000 -3.510000 -11.410000 -15.970000 -50.040000 -11.890000
-25.900000 -20.900000 16.580000 -22.700000 -25.140000 -31.360000 -75.020000 -5.100000
-12.730000 -6.200000 28.240000 4.980000 -8.110000 -11.280000 -36.130000 6.040000
-6.790000 -4.540000 24.000000 -7.600000 -5.380000 -9.560000 -29.280000 9.880000
-12.843300 -10.920000 16.700000 -0.570000 -13.380000 -17.330000 -52.755000 14.450000
-18.640000 -4.510000 19.790000 9.480000 -4.640000 -9.050000 -23.450000 10.150000
0.100000 4.880000 34.100000 23.680000 1.910000 -1.860000 -8.770000 20.160000
-11.190000 24.660000 67.120000 46.380000 9.770000 -5.440000 -19.170000 31.540000
5.500000 -0.820000 26.730000 10.970000 5.050000 1.460000 -3.230000 22.810000
-18.920000 -18.270000 25.370000 -11.790000 -11.410000 -15.905000 -48.860000 6.090000
-16.180000 -20.900000 5.610000 -14.380000 -17.960000 -24.670000 -61.310000 -5.430000
5.380000 15.710000 50.290000 22.690000 9.400000 11.250000 -4.165000 30.880000
-2.250000 -20.320000 6.630000 -20.330000 -28.850000 -34.010000 -93.840000 5.360000
-19.880000 -18.270000 7.530000 -16.620000 -22.640000 -27.060000 -71.090000 -8.470000
20.190000 -10.730000 16.700000 0.400000 29.700000 33.780000 60.880000 50.410000
-6.450000 -4.680000 23.480000 3.300000 -4.520000 -9.060000 -37.640000 10.755000
24.500000 30.770000 -0.450000 57.700000 33.840000 -13.603300 -43.250000 3.405000
-17.970000 -14.890000 11.510000 -20.470000 -4.260000 0.420000 -3.970000 -11.175000
-9.560000 -10.156700 17.010000 -0.570000 -6.210000 12.475000 16.810000 6.040000
24.080000 8.270000 16.880000 23.680000 9.780000 12.150000 14.690000 31.910000
5.400000 11.815000 43.370000 30.895000 8.290000 4.420000 25.650000 27.145000
-18.910000 -13.730000 13.970000 -7.600000 -17.180000 -13.603300 -43.250000 -5.480000
0.190000 12.840000 41.390000 31.420000 13.500000 19.690000 28.880000 37.200000
-0.410000 5.230000 23.385000 18.090000 5.390000 14.260000 18.370000 22.810000
-17.510000 -13.730000 13.970000 -7.490000 -14.305000 23.750000 45.720000 5.010000
0.100000 -0.385000 27.040000 11.440000 -8.320000 -12.490000 -37.590000 5.080000
1.936670 6.780000 34.100000 16.380000 9.770000 12.105000 3.810000 31.540000
16.740000 2.280000 30.170000 17.740000 -3.425000 -4.160000 6.670000 14.970000
-2.260000 -20.320000 6.950000 -16.740000 -12.490000 -17.330000 -54.070000 1.620000
-19.880000 -20.900000 4.870000 -21.190000 -17.870000 5.010000 3.810000 -5.805000
-8.900000 6.340000 35.710000 18.090000 8.780000 10.050000 12.200000 31.910000
